
0.0,1.2304949882481802
0.05,1.6480839226160615
0.1,1.3091916880725112
0.15,0.9718509167913467
0.2,1.0880415961260728
0.25,1.5078073236935978
0.3,1.3757098853911416
0.35,0.9441703139741278
0.4,0.9313137323126567
0.45,1.208580742857714
0.5,1.344034276728505
0.55,1.0625945061981272
0.6,0.870396309914877
0.65,1.101438516801949
0.7,1.4298386271920307
0.75,1.0840668333753238
0.8,0.8524936026121805
0.85,0.9611980313226628
0.9,1.3027623878531838
0.95,1.1492394121329184
1.0,0.8042295647409051
1.05,0.891576621577778
1.1,1.2033848758441197
1.15,1.1042294142189628
1.2,0.7847339778229476
1.25,0.8584599778824686
1.3,1.1495401267812269
1.35,0.9568676060908243
1.4,0.7600827984817317
1.45,0.8981186080009198
1.5,1.0162994531666938
1.55,0.80593158587163
1.6,0.8311423822020524
1.65,0.9146354065496438
1.7,0.8876065753024367
1.75,0.8949625444249928
1.8,0.8187256972945504
1.85,0.6527102344638835
1.9,0.516249496118208
1.95,0.4600452350965064
2.0,0.5329475254102314
2.05,0.7267875159331468
2.1,0.9482854491384364
2.15,1.1035168909485504
2.2,1.1646160430922552
2.25,1.0821255555382747
2.3,1.1198990832194258
2.35,1.0726208528532033
2.4,1.030296431114786
2.45,1.0329708395390966
2.5,0.996393192664488
2.55,0.9315775777561781
2.6,0.8022158041146225
2.65,0.6161328170800522
2.7,0.5475826944988512
2.75,0.5797451774264932
2.8,0.6343545281219801
2.85,0.6388645894953145
2.9,0.5987982000572536
2.95,0.5986382649717689
3.0,0.6201581715800556
3.05,0.5766663197972055
3.1,0.5324687965181587
3.15,0.5118328908839639
3.2,0.49405692830842773
3.25,0.43822777854144107
3.3,0.334675194548367
3.35,0.2801501379109198
3.4,0.27489765434747926
3.45,0.33418462598408
3.5,0.3482220331422596
3.55,0.36614173277447704
3.6,0.45646896120501423
3.65,0.4749088602390878
3.7,0.5525278642293951
3.75,0.6039538754151627
3.8,0.630748849823882
3.85,0.622023602898293
3.9,0.5811300739818057
3.95,0.5105124408241635
4.0,0.5020170056705099
4.05,0.5071809380997853
4.1,0.5086685203557703
4.15,0.4992711266736283
4.2,0.45600473611367554
4.25,0.4335070363719175
4.3,0.429203496323257
4.35,0.4506454146531064
4.4,0.46961951151688
4.45,0.5226377079640765
4.5,0.542139563892269
4.55,0.5227637093527668
4.6,0.5099485848635475
4.65,0.4873295823625567
4.7,0.4830793180441071
4.75,0.4772745454798328
4.8,0.5138862752250998
4.85,0.4945016791642307
4.9,0.48328185383723693
4.95,0.46025675120234216
5.0,0.4748942428066023
5.05,0.49359318995812207
5.1,0.4772725256565796
5.15,0.5043453560688338
5.2,0.4966477790536829
5.25,0.5168541709135405
5.3,0.5217057162516713
5.35,0.42559373092513336
5.4,0.6624492536257781
5.45,0.7062260310387132
5.5,0.7261635472538137
5.55,0.7264252648050856
5.6,0.7130059384802406
5.65,0.6922203888961933
5.7,0.6718243125700559
5.75,0.6667784539349801
5.8,0.6430306513758044
5.85,0.6164187474916533
5.9,0.5914302682988446
5.95,0.5701867261212544
6.0,0.552613320499852
6.05,0.5393706065976878
6.1,0.5276037061950364
6.15,0.48018248345619247
6.2,0.4733459580961575
6.25,0.4645308217630315
6.3,0.45592474534807303
6.35,0.44628459201778486
6.4,0.41277455608514846
6.45,0.4083362263472907
6.5,0.40601949192610265
6.55,0.40625354158303323
6.6,0.40867399550013284
6.65,0.43823297123518834
6.7,0.4456946316306412
6.75,0.4532542286974635
6.8,0.45848010087282326
6.85,0.4626654985004339
6.9,0.4637365413056962
6.95,0.4499158673090254
7.0,0.4431223648780004
7.05,0.43359305762650163
7.1,0.4223491661690632
7.15,0.4096306603603893
7.2,0.3702989729585962
7.25,0.36121562020902603
7.3,0.3545468480976538
7.35,0.35144647298958254
7.4,0.34900094142676336
7.45,0.3935617180864498
7.5,0.39216927231295273
7.55,0.3923373839974729
7.6,0.3936295407510918
7.65,0.39006179839509825
7.7,0.3891584350424049
7.75,0.4171312070799881
7.8,0.4111290907303052
7.85,0.40361448771949376
7.9,0.3958872179188195
7.95,0.38837004113600354
8.0,0.36706291690559834
8.05,0.3646706861616816
8.1,0.363673842468736
8.15,0.3638648677302884
8.2,0.3661068382044169
8.25,0.3817601876499833
8.3,0.3903919890059964
8.35,0.39950699244794285
8.4,0.40776497588118327
8.45,0.4166831283737663
8.5,0.42530181099632897
8.55,0.47692689621912115
8.6,0.481578994941733
8.65,0.48394539189028435
8.7,0.4863565348159318
8.75,0.4879077658905285
8.8,0.4140414653310238
8.85,0.4081448116980854
8.9,0.40108768244876974
8.95,0.39280544685055113
9.0,0.3842305695571948
9.05,0.3759402287095095
9.1,0.368290418341874
9.15,0.35944476766230826
9.2,0.35334231167452157
9.25,0.34621268012959333
9.3,0.33881561868648313
9.35,0.3330806358691822
9.4,0.3284932462407161
9.45,0.323139506850572
9.5,0.3197195602552976
9.55,0.31747034413492176
9.6,0.3158440330204564
9.65,0.3150223781990672
9.7,0.3154259868614821
9.75,0.3160436202992945
9.8,0.3178166698289649
9.85,0.3196943851969667
9.9,0.3217165519014915
9.95,0.32397701385132394
10.0,0.32680223459000624
10.05,0.32951182814625596
10.1,0.33130392517832624
10.15,0.3336189767969325
10.2,0.33611270366332324
10.25,0.3386458489451752
10.3,0.3409548148621561
10.35,0.34299321522883885
10.4,0.3451380169906496
10.45,0.3482529257779265
10.5,0.3509634016592538
10.55,0.3543442852194463
10.6,0.35611963115907924
10.65,0.3604781089468671
10.7,0.3638268919593365
10.75,0.3676955791377123
10.8,0.37119100158239093
10.85,0.3763155923278466
10.9,0.38428080786529534
10.95,0.39013535992775356
11.0,0.3944971061233395
11.05,0.4025718790274238
11.1,0.4128323080537404
11.15,0.4241837779529035
11.2,0.43569041126597297
11.25,0.4485869846765578
11.3,0.4576358833688875
11.35,0.472337933153235
11.4,0.48876108387509437
11.45,0.5051197817316523
11.5,0.5194212168211719
11.55,0.5358297736041131
11.6,0.5502177358159699
11.65,0.5648902905642115
11.7,0.5810254179508924
11.75,0.5939335339098691
11.8,0.6092803488245669
11.85,0.6290080079690258
11.9,0.6443247492500237
11.95,0.6599231207063667
