0.9989006973113196 -0.00377047265852732
0.9979167276369042 -0.004462167283034195
0.9966248079082237 -0.005346260548759695
0.9951601264588757 -0.006404978838536038
0.9936176875039034 -0.007605762437425981
0.9920431894130494 -0.008914029614297372
0.9904553008593975 -0.010300517215205505
0.9888611634935708 -0.011743154997135337
0.9872634395581606 -0.013226216673258033
0.9856631097132273 -0.014738761789149277
0.9840605313497656 -0.016273220598770198
0.9824558319195414 -0.017824330470484047
0.9808490541723132 -0.01938839534145641
0.9792402096443312 -0.020962786087937075
0.9776292983445298 -0.022545606725909904
0.9760163160959088 -0.02413547106057382
0.9744012573824185 -0.025731352100008858
0.9727841160254012 -0.02733247946435179
0.9711648845477155 -0.028938268659790153
0.9695435553008446 -0.030548271472325753
0.9679201239918755 -0.032162140686228
0.966294585203069 -0.03377960572241904
0.9646669250802058 -0.035400454582294086
0.9630371393316951 -0.037024517603523835
0.9614052324623211 -0.038651660971281955
0.9597711785527133 -0.040281782084530815
0.9581349753052545 -0.041914789859122455
0.9564966409680502 -0.04355061861238949
0.9548561205032488 -0.04518922273923106
0.9532134472920746 -0.04683053838557499
0.9515686147197625 -0.048474558141354165
0.949921555578591 -0.05012123855496166
0.9482723745865689 -0.0517705506361847
0.946620930797112 -0.053422527163702056
0.9449673310645161 -0.05507706806933309
0.9433115107767471 -0.05673429051176082
0.9416534342517346 -0.058394049360424576
0.9399932225853936 -0.06005647920559862
0.9383306408053725 -0.06172147693397436
0.9366659953658532 -0.06338909522381082
0.9349988900517128 -0.06505936532780128
0.9333297689586754 -0.06673217429735867
0.9316581248555045 -0.06840775600965594
0.9299844823734994 -0.07008577885479443
0.9283082704009135 -0.07176671208322544
0.926630087095403 -0.07344998655071641
0.9249492629487605 -0.075136315923063
0.9232665116623473 -0.07682489594359596
0.9215810402009872 -0.07851665193385805
0.9198937047351131 -0.08021062755914825
0.9182035239640872 -0.08190781247946737
0.9165115992215643 -0.08360731532595131
0.9148166727894236 -0.08530988880880698
0.913120096493951 -0.08701512010775576
0.9114204481696933 -0.08872296774333567
0.9097191149736277 -0.09043420097059529
0.9080147931432622 -0.09214718692837728
0.9063085736484064 -0.09386464640447065
0.9045996619682688 -0.09558279354102601
0.9028883843785458 -0.09730643717618205
0.901174987501533 -0.09903014871333789
0.8994585155291386 -0.10075948259680755
0.8977406151785337 -0.10248963272946925
0.8960190272074037 -0.1042237898036399
0.8942963222503353 -0.10596139581983037
0.8925699892889265 -0.10769976376233543
0.8908419547052234 -0.10944508037296002
0.889111314595575 -0.11118834393390084
0.8873775846398969 -0.1129399612221237
0.8856426611394925 -0.11469048204008961
0.8839034935599561 -0.1164458548037026
0.8821636006116255 -0.11820600169551868
0.8804198508363524 -0.11996415170436234
0.878674040371518 -0.12173314291224359
0.8769263112956267 -0.1234972406204106
0.8751744462196324 -0.12527038507252344
0.8734221198096048 -0.12704568690111717
0.8716653355936497 -0.12881944579894355
0.8699069452772695 -0.13060632605442116
0.8681463706685185 -0.13238480439646438
0.8663814915406534 -0.13417578452043563
0.8646163997732957 -0.13596772065947937
0.8628466271761603 -0.13775687068806441
0.8610749783143704 -0.13956246714861392
0.8593017804049439 -0.14135696535267087
0.857523301293773 -0.14316415777278926
0.8557453044850641 -0.14497622826545378
0.8539624002445112 -0.14677932392952403
0.852177104090978 -0.14860438370588733
0.8503909326683904 -0.15041795946470402
0.8485991474970995 -0.15223825352639775
0.846806992591202 -0.1540741515596867
0.8450118817730091 -0.1558919652602623
0.8432117389553002 -0.15773337650515107
0.8414127057458728 -0.15957255048084729
0.8396075255608966 -0.16140263869905155
0.8378006743637849 -0.16326195039588365
0.8359928254609719 -0.16510213440700838
0.8341787932422596 -0.16695163091243417
0.8323646159712424 -0.1688221705908189
0.8305477963809905 -0.17066661890805498
0.8287248835831772 -0.17253829021434833
0.8269037404124283 -0.17441457318782078
0.8250766801719546 -0.17626835344951924
0.8232463663507408 -0.1781624704782776
0.8214167204170111 -0.1800394000495973
0.8195801443344359 -0.18191100966976295
0.8177422012806055 -0.18382103845290518
0.8159036560672386 -0.18570175529421684
0.8140577327197941 -0.1875922625126593
0.8122120525487665 -0.18951732049311812
0.8103643404486454 -0.19140055804505204
0.8085089178850134 -0.193315733901075
0.8066559858310185 -0.19524886757371
0.8047977823226604 -0.19714069010432203
0.8029343485774305 -0.19907920791251207
0.8010724640952562 -0.2010185134566171
0.7992049438691191 -0.2029233185059169
0.7973324665297944 -0.20488205872686108
0.7954621887113691 -0.20683013731461442
0.7935847050718366 -0.20874621228134008
0.7917034228899423 -0.2107291823096063
0.78982464178188 -0.21268068075195276
0.7879365342005511 -0.2146151398197848
0.7860474513628097 -0.2166171829102817
0.7841585093240712 -0.21857510637981187
0.7822613171842164 -0.22052927028586444
0.7803628603458539 -0.22254703091989372
0.7784646496163627 -0.22451726328889607
0.776557788577714 -0.22648548426441528
0.7746497402931865 -0.22852535644316185
0.7727427500848435 -0.2305030047085414
0.7708250302455494 -0.232489958576605
0.7689086755899349 -0.2345498937804968
0.7669912170048645 -0.23653539169077292
0.7650639360415209 -0.23854485248622626
0.7631382055307768 -0.24061864560324134
0.7612103220736985 -0.24262131219083147
0.7592740393594644 -0.24464531197634856
0.757337422921473 -0.2467386899234659
0.7554006628575813 -0.24875863982496701
0.7534537111540214 -0.250793706750191
0.7515071171042771 -0.2529135918955019
0.7495609762691504 -0.2549444157732941
0.7476028670846498 -0.25699764945130055
0.7456471836518669 -0.2591388604782123
0.7436899992917578 -0.26118468513145376
0.7417222501812807 -0.263257426425421
0.7397560713421095 -0.265414043590825
0.7377880964269372 -0.2674860203050371
0.7358112133998685 -0.2695687192455917
0.733832958139668 -0.27174635636717415
0.7318557165989856 -0.27384679604600937
0.7298682211120524 -0.27593373333855886
0.7278783787355214 -0.2781405295490001
0.7258918955113881 -0.28026336761596665
0.7238927141881182 -0.28236069329910324
0.7218925842082167 -0.2845937671159869
0.7198951577354215 -0.2867388259611338
0.7178851889519167 -0.28885439355000525
0.7158745758274538 -0.2911027459041871
0.7138649918486282 -0.2932807656908083
0.7118457516983488 -0.2954131343179537
0.7098230052581885 -0.29767062671185646
0.7078017726071737 -0.2998931507994153
0.7057734134139512 -0.3020349179757592
0.703737348049624 -0.3043049674456506
0.7017055902469841 -0.30657383480544054
0.6996668044797735 -0.3087232372317832
0.697617881046248 -0.3110110658601298
0.6955756301008815 -0.31331946262730126
0.6935251452326333 -0.3154858055536673
0.6914647792865438 -0.3177892879663898
0.6894106283094147 -0.32013077995963546
0.6873483928042508 -0.32232911226497385
0.6852774877070331 -0.3246382562728229
0.6832096648063879 -0.3270129860965071
0.6811366391215543 -0.329255065463729
0.6790548791583885 -0.3315594147282993
0.6769724777053983 -0.3339721476826629
0.6748895150437144 -0.33626215874826026
0.6727958309179842 -0.3385585597383936
0.6706991614415005 -0.3410118969941606
0.6686060987470686 -0.34334895662795817
0.6664996370070374 -0.34564383349981054
0.6643896603945618 -0.3481330581461658
0.6622852481621676 -0.3505165974946151
0.6601659990199498 -0.35282256839781634
0.6580434849694895 -0.3553357255484058
0.6559259985271376 -0.3577688851108727
0.6537947286849181 -0.3600993856977389
0.6516597633417067 -0.362621717708575
0.6495277519831214 -0.3651107200077333
0.6473854457070256 -0.36747629014967237
0.6452374820322171 -0.36999576365890857
0.6430902103263872 -0.3725464389300598
0.6409374552751153 -0.37495403169578284
0.6387757153114253 -0.3774650866643763
0.6366131674852109 -0.38007912690963813
0.6344498142734625 -0.3825335868093618
0.632273727694299 -0.38503803704308476
0.6300963118260011 -0.3877110276539045
0.6279214907155107 -0.39021702029094124
0.6257309428433696 -0.39272266292299624
0.6235391252356851 -0.3954445417594539
0.6213515133581704 -0.3980076111285625
0.6191468396917859 -0.4005258048199352
0.6169408845325851 -0.40328318269172003
0.6147390528901989 -0.40590953034150623
0.6125208474161785 -0.4084528590400916
0.6103007238451476 -0.4112320898193094
0.6080834261015564 -0.41392744160391143
0.6058522836472804 -0.4165080497204451
0.6036177105085502 -0.41929801324423305
0.6013840465929703 -0.4220662672791935
0.5991403444999662 -0.42469494874955094
0.5968909033398598 -0.42748891105771014
0.5946403554569001 -0.4303311812146266
0.5923841311034289 -0.433017025604275
0.590119382293342 -0.4358133850461123
0.5878517589956098 -0.43872776063660773
0.5855826901809054 -0.44147810379247493
0.5833022528416474 -0.44428015675291094
0.5810175874608441 -0.4472621842245514
0.5787350506176727 -0.4500826839276065
0.5764386348392655 -0.45289770919718775
0.5741370768346473 -0.45594138318568556
0.5718402465360947 -0.4588361424083097
0.5695276458015821 -0.46167413771358934
0.5672093685411737 -0.46477310097266167
0.5648973251413009 -0.46774483302564024
0.5625683853898801 -0.4706171919301566
0.5602335197375943 -0.47376586482822514
0.5579053424300942 -0.47681611986503836
0.555559924066193 -0.4797344568635823
0.5532085177176611 -0.4829289024904233
0.5508633516885428 -0.48605836515596035
0.548501296012381 -0.4890336108566944
0.54613329405431 -0.49227204710324884
0.5437703894035706 -0.4954808912423022
0.5413914950237485 -0.49852270414086364
0.5390067361330576 -0.5018056674793038
0.5366254618575973 -0.5050939329427874
0.5342294719165324 -0.508210416723299
0.5318276951574408 -0.5115406468655603
0.5294275341385581 -0.514908594377221
0.5270141324310813 -0.5181062721118413
0.5245949905280334 -0.5214884180322148
0.5221755220834937 -0.5249368217674173
0.5197443351361625 -0.5282207999095293
0.517307410916579 -0.5316610503047382
0.5148682869284658 -0.5351914003645232
0.5124188891686816 -0.5385656530560683
0.5099637125864794 -0.5420713770453175
0.5075046320792677 -0.5456859797797102
0.5050365517489835 -0.5491536935362771
0.5025626156580774 -0.552733149978303
0.5000833012904178 -0.5564351282284897
0.49759602539768255 -0.5599990640695318
0.49510279909131816 -0.5636612082475059
0.4926029775195107 -0.5674544132172046
0.49009595475978607 -0.571117263815322
0.48758289513199315 -0.5748716532136174
0.4850622817491102 -0.5787605046095416
0.48253492297932354 -0.582525244896861
0.48000148383261343 -0.5863820228097227
0.47745977112147614 -0.5903712963824662
0.4749114476753004 -0.5942415446413332
0.4723570880386038 -0.598211460329879
0.46979393580665657 -0.6023060463623708
0.46722397673695615 -0.6062864661274022
0.46464816895235506 -0.6103808712222385
0.46206319411807206 -0.6145855396238229
0.4594708843707845 -0.6186823159867776
0.4568731220474334 -0.6229130584022121
0.4542658855223834 -0.627232291839551
0.45165046807372633 -0.631453701047906
0.44903027265749834 -0.6358328242678406
0.4464002614466923 -0.6402708237762098
0.4437609474073388 -0.6446278706294795
0.4411178699583491 -0.6491670313472221
0.4384644743392358 -0.6537280548935261
0.4358004654152466 -0.6582350652780151
0.4331340773329041 -0.6629446325022096
0.4304565665180745 -0.6676338743706891
0.4277670928722569 -0.6723087952954032
0.42507695653988403 -0.6771967279558847
0.4223744620693738 -0.6820219336568148
0.4196588337043422 -0.686885934774502
0.41694444343615517 -0.6919567887665057
0.4142159670710928 -0.6969306362719029
0.4114736263957136 -0.7020065136194313
0.4087343155570678 -0.7072612927222579
0.4059787842364917 -0.7124041476094958
0.40320933141527004 -0.7177131879224566
0.4004441582208177 -0.7231510857683547
0.39766054451990346 -0.7284930157667361
0.3948636913400454 -0.7340506511067223
0.39207134627451634 -0.7396736660511782
0.3892588461301156 -0.7452537998201627
0.38643425468554327 -0.7510657332900205
0.383613068546967 -0.7568860894263593
0.3807712697352783 -0.76274724864673
0.37791827521308324 -0.7688094042132613
0.37506641745554253 -0.7748572446874167
0.3721953182762456 -0.7810355017893303
0.3693126391863515 -0.787341696442907
0.3664285251497354 -0.7936673145425952
0.36352824103599624 -0.8001806353731852
0.36061391367734225 -0.8067387708379106
0.35769664388836314 -0.8134027314910018
0.3547667831484316 -0.8202485513299628
0.3518185852229604 -0.8270978501979087
0.34886800164518256 -0.8341486419120981
0.3459070495568766 -0.8413206846616583
0.34292338609685086 -0.8485333591842334
0.33993935894124805 -0.8559871784256282
0.3369447534330482 -0.8635083350414955
0.33392533428689514 -0.871162550873894
0.3309065463117057 -0.8790116541745696
0.3278758563446788 -0.8869545811295927
0.32482111986098433 -0.8950940299015298
0.32176461791390903 -0.9033530826344157
0.31869693101970376 -0.9118131341429195
0.3156061944980087 -0.9204431482487178
0.3125088748105755 -0.9291904049551726
0.3094043380579818 -0.9382251267469365
0.30627485141238237 -0.9473736484640574
0.30313555679347515 -0.9567194583068678
0.29999278299618787 -0.9663406654035711
0.29682181849484446 -0.9761122904347563
0.2936405059623248 -0.9861205165228213
0.29045569445683067 -0.9963792329705187
0.2872429374112721 -1.0068990899331958
0.28401731963598453 -1.017602286741602
0.28078759841566037 -1.0286307880935457
0.27753271479226194 -1.0399634558651394
0.2742589528973874 -1.0514729190793515
0.270983633632957 -1.0633841826031152
0.26768319294716914 -1.0756122498865586
0.2643600807367769 -1.0880927085643433
0.2610361272585891 -1.100960924647856
0.2576874905910889 -1.1142617180600665
0.25431378185303116 -1.1278283047258568
0.2509367153251013 -1.1418195657792924
0.24753894165516344 -1.156348795874388
0.24411061189639438 -1.1711751685765146
0.24067854123196888 -1.18648621138577
0.23722743981857988 -1.2024158273650631
0.2337428190782891 -1.21875155938226
0.23025143021739403 -1.2355767937264763
0.22674391282894873 -1.2531765805963484
0.22319999262833157 -1.2712685702692426
0.21964520665273712 -1.2899157062006537
0.21607747771811375 -1.309463267641077
0.21247066576652374 -1.3296746143835885
0.20884849909071465 -1.3504883454916163
0.20521547703978327 -1.3723780584732475
0.20154238169101676 -1.395133053742767
0.1978476988863206 -1.4185923865381347
0.19414423478273637 -1.4433059089313727
0.1904001671898829 -1.4691771552955901
0.1866278332720185 -1.4958899374274548
0.18284750386039858 -1.5240838209303793
0.1790271396831894 -1.5538067447830413
0.17517124940911677 -1.5846044764502358
0.17130656363323737 -1.6171514320330251
0.16740357255134983 -1.6517303412935993
0.16345710261783974 -1.6877415465678927
0.1594996016281198 -1.7258611009245182
0.15550586411028086 -1.7666830999654237
0.1514608495109491 -1.8094995366723328
0.14740028809558764 -1.8549341438631308
0.14330589879399352 -1.9039901414432094
0.13915257415638338 -1.9559273626464742
0.1349767076004925 -2.0112596153072393
0.13076918968785448 -2.071526770224452
0.12649531152955884 -2.136094063521904
0.12218914721383228 -2.205327099583746
0.11785247548548913 -2.2814844096424736
0.11344221639066182 -2.3642901672290306
0.10898673860271059 -2.4539875718211634
0.10449985080028484 -2.553871281877112
0.09993190940786184 -2.6645182047302134
0.09530191236042372 -2.7862730024679543
0.090636077568695 -2.92415543100255
0.0858803247041497 -3.0806928963431974
0.08104029813802481 -3.2572041044047317
0.07615398526405116 -3.462310384303717
0.0711647172095887 -3.703510909329116
0.06605991336605516 -3.986525341807286
0.06088696443020507 -4.330278688530877
0.05558626032720513 -4.75870021523926
0.050118399101686154 -5.299278699247948
0.04453227042277269 -6.017237352975722
0.038753767062947996 -7.025991312242248
0.03269029779304301 -8.530290429788025
0.026361670416678543 -11.067140457895269
0.019638610278763232 -16.258311203702632
0.012388372895573844 -32.185787850857444
0.004823402843506962 1559.1802999696004
-0.0027729482662587294 30.869121602216907
-0.01009846717830397 15.886205450929168
-0.0169100590695416 10.875223263701884
-0.02332412176023002 8.404687249673676
-0.029465594000895285 6.9333655292704135
-0.03531488686710546 5.944350513139017
-0.04096582477637921 5.239462510097086
-0.046493695490427235 4.70812376063179
-0.05185053277644043 4.286653364391815
-0.057076427626982146 3.9483049735542224
-0.06223150448367296 3.6695755839308455
-0.06726876335944432 3.431886216822409
-0.07220108833527762 3.2297116051407957
-0.07708538934389919 3.055658788814515
-0.08188387445659534 2.9012250770243098
-0.08659106022238212 2.7651724753287903
-0.0912611604351761 2.645006318871881
-0.09586807020797372 2.5357543506591997
-0.10039289241038435 2.437116358033226
-0.10488535745149768 2.348527553178133
-0.10933172083340474 2.2667117746039023
-0.11370367834374114 2.1914543264059856
-0.11804438784068888 2.1230377064225996
-0.1223521002129205 2.0592082781494656
-0.12659277242350092 1.999619827579532
-0.13080121173726078 1.9449132166143426
-0.13498650428806466 1.893546665548211
-0.139112291328841 1.8450199001326064
-0.14320380249084902 1.8000794050887374
-0.1472791837556512 1.757717273371752
-0.1513028937594578 1.717319396349153
-0.1552899176766928 1.6795985850116042
-0.15926541187846538 1.6439587886993534
-0.16319719078522352 1.6097260114768044
-0.167090054344058 1.5775077249658127
-0.170974016254594 1.5470197149679197
-0.17482185046060472 1.5175828543379328
-0.17862952920367442 1.489667402692394
-0.18242874312755053 1.463211830129593
-0.18619945135895213 1.437587854526222
-0.18992928187960323 1.4131041480124997
-0.19364993584559032 1.3898721422007647
-0.19734892695341563 1.3673210849571797
-0.20100730563842217 1.3456371224310468
-0.20465491828452467 1.325010680502163
-0.208286536973198 1.304986508402025
-0.21187926344513935 1.2856055265403665
-0.21545838469504083 1.2671352701233662
-0.21902682871675203 1.2491918161085576
-0.22255831378358598 1.2317554650748157
-0.22607369080167933 1.2150651108357895
-0.22958204877084398 1.19888457866496
-0.23305650519193627 1.1830719473420228
-0.23651223648547443 1.1679100112857486
-0.23996319173630387 1.1531906817226238
-0.24338465791548275 1.1387961256520884
-0.24678361926562942 1.1249095602420818
-0.2501810021054069 1.1114612845225007
-0.25355102124498113 1.0982679924273866
-0.2568983068523348 1.0854935594579007
-0.26024278322112004 1.0731350084175137
-0.26356565795160747 1.060972383499851
-0.26686292796517336 1.04919080456042
-0.2701577687857967 1.037737237569283
-0.27343542259477865 1.026519531031103
-0.2766850504099491 1.0155613137515935
-0.27993362807838557 1.0049367976684516
-0.2831662308838655 0.9945211984684884
-0.28637282923203194 0.9842958301923866
-0.2895752924895662 0.9744163933333289
-0.29276593619068064 0.9646683178354188
-0.29593132465936367 0.9551459931456624
-0.299089098384757 0.9458720479536817
-0.30224080858398045 0.9367532586714089
-0.3053650353811399 0.9278443487874976
-0.3084819805523203 0.9190926983412759
-0.31159482970496477 0.910574180033895
-0.3146800282444278 0.9021607809518554
-0.3177587984848328 0.8939253309530182
-0.32083239143728676 0.8859151234845101
-0.32388214738074483 0.8779425640553812
-0.326922987773895 0.8702064633450416
-0.32995899286840813 0.8625995607090149
-0.33297551744983916 0.8550721514825411
-0.3359784452491034 0.8477639107039978
-0.33897978627822395 0.8405089551909196
-0.34196325517763965 0.8334229079382761
-0.34492982283416657 0.8264543109994409
-0.3478986617538031 0.8195524554271643
-0.3508486881549283 0.8128605030806815
-0.3537816301452958 0.8061763363028881
-0.3567186207342843 0.7996368827734934
-0.3596356607346248 0.7932658571704596
-0.36253758461220986 0.7868548424907748
-0.3654425295164738 0.7806621552607776
-0.368328104456982 0.7745474598124248
-0.3712006561930066 0.7684208924130238
-0.3740734851304397 0.7625322370834111
-0.37692958368260493 0.756637041077979
-0.37977344788202805 0.7508031444000277
-0.3826147379518209 0.7451650600719743
-0.3854431513939934 0.7394786633874537
-0.3882585090937867 0.7339296443005096
-0.39106945806834326 0.728494813959223
-0.39387144987431855 0.7230204018253457
-0.39665844438203585 0.7177329631368341
-0.39944056895214397 0.7124686212533445
-0.40221688099993913 0.7072111960228094
-0.40497587539970353 0.7021537468623998
-0.40773070325397276 0.6970417579152934
-0.4104817338928243 0.6920012427474189
-0.4132133583203328 0.687141481818739
-0.41594223974560324 0.682174015104035
-0.41866824262985514 0.6773435450975634
-0.4213733207567023 0.672653366575862
-0.4240773664510485 0.6678278153387075
-0.42677859314888456 0.6631951439472428
-0.42945803546902545 0.6586525359473888
-0.43213813604872364 0.6539676314213775
-0.43481490778610443 0.6495175843833033
-0.4374696226555522 0.6451064463560825
-0.44012650220066873 0.6405600432360328
-0.44277922740018455 0.6362767470058888
-0.44541006667850686 0.6319857213904686
-0.44804433849640235 0.6275739525713752
-0.45067349990154737 0.6234423376124727
-0.4532812364255847 0.619263442519924
-0.4558934460611491 0.6149807236390369
-0.4584995765254172 0.6109872803306824
-0.4610849036392139 0.6069147525362665
-0.4636755555228566 0.602754189624937
-0.4662592139007135 0.5988871553804838
-0.4688227573436744 0.5949166358672225
-0.4713923271319521 0.590870548748097
-0.4739540793512008 0.5871197370852521
-0.47649641449822006 0.5832477785404783
-0.479045351018617 0.5793081960952783
-0.48158575740640636 0.5756646380564242
-0.484107427709608 0.5718884520106184
-0.48663614836786184 0.5680475311083836
-0.48915575629469826 0.5645030447916912
-0.49165729085283766 0.5608203953198868
-0.49416617365413745 0.5570707652095248
-0.49666551386772867 0.5536175261378254
-0.4991474431872489 0.5500266881969359
-0.501636817804999 0.5463617394067097
-0.504116402887073 0.5429918994393808
-0.5065792722316225 0.5394916172021951
-0.5090494120851586 0.5359057512148735
-0.511509735918616 0.5326111437930214
-0.5139541153722198 0.5292005416135248
-0.5164052325139392 0.5256893843465368
-0.5188467702538481 0.5224613527356816
-0.5212732599747937 0.5191397678684132
-0.5237055047122349 0.5157003329741715
-0.5261287132940847 0.5125297189336143
-0.5285379417117873 0.5092964420883145
-0.5309514091902827 0.5059272144632417
-0.5333567286522256 0.5028045412117598
-0.535749340967641 0.4996584694968535
-0.5381440871804101 0.49635936988321916
-0.5405319428297203 0.49327524049206234
-0.5429085776036059 0.4902144668852854
-0.5452846471083108 0.48698665970763105
-0.5476554517717992 0.48393236719960514
-0.5500167050442488 0.4809537493055778
-0.5523741716041168 0.4777992717599182
-0.5547283260427766 0.4747675798163839
-0.5570747054829415 0.4718663453335616
-0.5594137245447286 0.4687875676088352
-0.5617516130142527 0.4657735736897201
-0.5640834887665672 0.46294302825057754
-0.5664043570238034 0.4599419991847779
-0.5687263345620944 0.4569439418124388
-0.5710438978880888 0.45417534619105304
-0.573347110470643 0.45125312554043945
-0.5756534795402641 0.4482729557795657
-0.5779567236192625 0.4455556357586107
-0.5802430145639655 0.4427117467622392
-0.5825339918844262 0.4397552662763217
-0.5848227293046523 0.43707701240300434
-0.5870930773929278 0.4343091462468827
-0.5893687575479011 0.431385539313378
-0.5916426840015075 0.42873334507630895
-0.5938982659423265 0.426037396123923
-0.5961585961103355 0.4231580679100509
-0.598417398137983 0.4205192356665501
-0.6006594770281657 0.4178896419382023
-0.6029042646349273 0.415066428233563
-0.6051477514960525 0.4124300247207089
-0.6073775028848376 0.4098602573289037
-0.609606480249397 0.40710327874480956
-0.611834700344805 0.4044618234352801
-0.614053001725369 0.4019447679312923
-0.6162659620151971 0.39926041660099354
-0.6184792515321312 0.3966115254225445
-0.620686490120911 0.39413950444416335
-0.6228834815927439 0.39152918370737405
-0.6250823990508656 0.3888766960848908
-0.6272783765522815 0.38644106018471275
-0.6294598993195268 0.38390122903059143
-0.6316450345183686 0.3812552120899104
-0.6338290471825041 0.3788457676062243
-0.6359961552028521 0.3763694752251019
-0.6381678647369761 0.3737445829702394
-0.6403389908360684 0.3713494965979402
-0.6424931926078927 0.3689289454967048
-0.6446513870859499 0.36634106743764877
-0.6468089152156887 0.36394801289437784
-0.6489518225415842 0.36157699014369843
-0.6510959680534604 0.3590389604803567
-0.6532397807572345 0.3566378499199833
-0.6553725845401651 0.3543125677283042
-0.6575020231332774 0.3518306142593543
-0.6596326912983964 0.34941720817132893
-0.661755703345043 0.3471346856342699
-0.663870213939081 0.34470761558262614
-0.6659886500713399 0.34228607486977625
-0.6681012326864485 0.3400407724139841
-0.6702015136837429 0.3376629095057175
-0.6723082999001871 0.3352449544291958
-0.6744093736237211 0.33302619368300534
-0.6764970239788138 0.33069273832587
-0.6785918512907936 0.3282925333051612
-0.6806807809075278 0.3260857171488085
-0.6827575898777288 0.32379678557208047
-0.6848393486610629 0.3214238592781339
-0.6869165733102087 0.3192162615696308
-0.6889834833609835 0.31697575518430404
-0.6910511639848285 0.31463102711388313
-0.693117915722007 0.31241859553564433
-0.6951745111248977 0.31022782011433053
-0.6972282920679796 0.3079067799865593
-0.699285432385915 0.30569564579557773
-0.7013306242550359 0.3035472697885862
-0.7033720356225931 0.30124835765242586
-0.705419036494527 0.29904792226593807
-0.7074525299603263 0.2969276104294329
-0.7094832166481206 0.29465736472071746
-0.7115185463550554 0.29247041779025956
-0.7135415497381891 0.29036674607619156
-0.7155617282660882 0.28813462274118923
-0.7175845784287411 0.2859553933816401
-0.719598649384105 0.2838680407987508
-0.7216071639777145 0.2816753280350969
-0.7236185629474507 0.2794991483135332
-0.7256237213887939 0.2774344113205415
-0.7276199969800002 0.27527146998832747
-0.7296215667699908 0.2731042520345952
-0.7316162851262888 0.27106207365177404
-0.7336016652683204 0.2689198348608841
-0.7355933924316002 0.266772721412002
-0.7375769263334164 0.2647435596181965
-0.7395531019292939 0.26262413378965516
-0.7415335456793883 0.26049917267004336
-0.7435072122928252 0.25847712752174656
-0.7454738366719521 0.2563862042470177
-0.7474428782191831 0.2542758940662825
-0.7494078217335236 0.25226729474719706
-0.7513634957103572 0.25019978177406704
-0.7533229626357679 0.2481029654493388
-0.7552780395169331 0.24611380015075782
-0.7572233463693895 0.24405912209754463
-0.7591739180890499 0.24198466641343325
-0.76111797154462 0.2400089268176987
-0.7630546710419438 0.237967411853
-0.7649949637346086 0.23591744708968343
-0.7669292609031224 0.23395003247784601
-0.7688569079424713 0.23192698849011853
-0.7707870079714003 0.22989441352043563
-0.7727123812805564 0.22794152937717027
-0.7746298384858926 0.2259312334250329
-0.7765515028518428 0.22391779737498876
-0.7784664425781944 0.22198070761687602
-0.7803751255891396 0.2199774139178033
-0.7822878411004458 0.21799013358687547
-0.7841923722871619 0.21606071872463536
-0.7860931622551479 0.21407012942661552
-0.7879958883452635 0.21210503866737007
-0.7898914662070299 0.21018386948523307
-0.7917831728372061 0.20820626473045123
-0.7936772635256579 0.20626153587238613
-0.7955629087227982 0.20435018314430878
-0.7974465421384667 0.20238189035432547
-0.7993316310393132 0.20046258607904946
-0.8012073570461345 0.19855329893830875
-0.8030838229241276 0.19660130998473888
-0.8049587293285889 0.19470231143928077
-0.8068261171163811 0.19279531652083257
-0.8086942719954409 0.19086196163369382
-0.8105600464073851 0.18897967668780377
-0.8124184642016435 0.18707580741920005
-0.814279263569668 0.18516190952403408
-0.8161349685353446 0.1832947760842064
-0.8179856345878815 0.18139178571399703
-0.8198384450891546 0.17950339749034497
-0.8216842309392227 0.17764204967070688
-0.8235279746615047 0.1757472614707781
-0.8253718173464771 0.1738812013511747
-0.8272087185831576 0.17202308959619617
-0.8290452622850814 0.17014033789099042
-0.8308801965802776 0.1682946897842683
-0.8327083491987011 0.1664359229879801
-0.83453835557519 0.1645725730280654
-0.8363631410871256 0.16273945585643243
-0.8381845273749806 0.1608827246596265
-0.8400063579491861 0.15904192239441686
-0.8418221253185326 0.15721326542968322
-0.8436367635390507 0.15536564848351941
-0.8454500374457986 0.15354467063541388
-0.8472572627665752 0.15171615094401264
-0.8490656698215392 0.14988562638301933
-0.8508691071806108 0.14807644754569393
-0.8526699154866259 0.14625060705536777
-0.854470278518519 0.14444074308075597
-0.8562650971196459 0.14263448348130994
-0.8580596290559841 0.14082011346351678
-0.8598511125825192 0.1390256716849431
-0.8616386063288785 0.13722055095167945
-0.863426312339496 0.13542472907825948
-0.8652086371396526 0.133635648888296
-0.8669903710438605 0.13183944161335345
-0.8687692925115302 0.13005897125097124
-0.8705444997861819 0.1282719254859651
-0.8723194827979917 0.12649198207505724
-0.8740896048082104 0.12471773326820314
-0.875859087351239 0.12293922161703975
-0.8776254351483863 0.12117315879566111
-0.8793888915238114 0.11940185320012274
-0.8811513416692568 0.11763872537089284
-0.8829095571413352 0.11587758239859891
-0.8846671638470187 0.11411675096210436
-0.8864211244473268 0.11236411144342658
-0.8881732822256794 0.11060826338701107
-0.8899233085661604 0.10886100812279366
-0.8916701589554002 0.10711254336701327
-0.8934159456994669 0.10536904924547233
-0.8951580232741426 0.10362836378191176
-0.8968991293515293 0.10188891953123295
-0.8986368939902054 0.10015499201667032
-0.9003730893394644 0.098420661527409
-0.9021067357195862 0.09669230576660931
-0.9038380534097152 0.09496387331641323
-0.9055675546444544 0.09324043482862066
-0.9072941952859254 0.09151809230694581
-0.9090194218683171 0.08979944478284511
-0.9107416256178181 0.08808299828650365
-0.9124624756384714 0.08636925314531303
-0.9141804053085376 0.08465840243539888
-0.9158968841881027 0.08294969548150763
-0.9176106078455217 0.08124416951022809
-0.9193227815934564 0.079540585905499
-0.9210323542533474 0.07784018485453581
-0.9227402850866767 0.07614173505837253
-0.9244457617289568 0.07444633704608893
-0.926149537447749 0.07275297534929931
-0.9278509514468456 0.07106249794409326
-0.929550663572939 0.06937416505402626
-0.931248078901037 0.06768854014930029
-0.9329437941186408 0.06600517029827117
-0.9346372882028079 0.06432434604336315
-0.9363290804731007 0.06264587208280517
-0.9380187446129191 0.060969807872278146
-0.939706674158477 0.059296163711706436
-0.9413926151089114 0.05762483812335627
-0.9430767599797569 0.05595595816990939
-0.9447590740411969 0.054289367709032144
-0.9464395416487833 0.0526252009175736
-0.948118304999241 0.05096335215338611
-0.9497952475988883 0.04930388366885125
-0.9514705292802498 0.04764678539710568
-0.9531441063097487 0.04599205369239997
-0.954816023606233 0.044339733896155704
-0.9564863591014906 0.042689826668014054
-0.9581550995753411 0.04104237709592867
-0.9598223208999126 0.03939743209756453
-0.9614880729692009 0.03775504539388212
-0.9631523877879496 0.03611530035330893
-0.9648153373273456 0.03447829881059454
-0.9664769874205033 0.03284417216028724
-0.9681374017314855 0.031213094022214113
-0.9697966628735226 0.02958528939502809
-0.971454864742575 0.027961052182263954
-0.973112110463837 0.02634076977309328
-0.974768519744119 0.024724956079067533
-0.9764242338662489 0.02311429885732007
-0.9780794199296065 0.02150972817832565
-0.9797342777782001 0.01991251629247057
-0.9813890495156886 0.018324425248465268
-0.9830440304246234 0.016747927644285926
-0.9846995776486327 0.01518653947658393
-0.9863561030167525 0.013645323317830048
-0.9880140057956833 0.012131642873760371
-0.989673412034371 0.010656262677616797
-0.9913333343251318 0.009234841612974415
-0.9929891796380355 0.007889639145692996
-0.9946258748388673 0.006650595159665537
-0.9962012620646171 0.005553698450474668
-0.9976183081554899 0.004633649298866904
