1.0 -0.0017867781053235823
1.0 -0.0017831278298177935
1.0 -0.0017796033828356742
1.0 -0.0017762106487829825
1.0 -0.001772956007515683
1.0 -0.001769846401971538
1.0 -0.001766889418680434
1.0 -0.001764093384171436
1.0 -0.0017614674811214995
1.0 -0.001759021889176683
0.9999999999999999 -0.0017567679568134412
0.9999999999999997 -0.001754718412523112
0.9999999999999991 -0.0017528876261773112
0.9999999999999976 -0.0017512919349224154
0.9999999999999932 -0.0017499500527259257
0.9999999999999816 -0.0017488835892914482
0.99999999999995 -0.0017481177132573637
0.9999999999998642 -0.0017476820075627872
0.999999999999631 -0.0017476115833550152
0.9999999999989967 -0.0017479485454920906
0.9999999999972728 -0.0017487439416765222
0.9999999999925868 -0.0017500603849784535
0.9999999999798488 -0.0017519756261886515
0.9999999999452234 -0.0017545874845599349
0.9999999998511017 -0.0017580207500336158
0.9999999995952523 -0.0017624369919111444
0.9999999988997819 -0.0017680487240583774
0.9999999970092993 -0.0017751402155313258
0.9999999918704484 -0.0017840986250864013
0.999999977901704 -0.0017954614781406438
0.9999999399314644 -0.0018099905023577665
0.9999998367231511 -0.001828788734538954
0.9999995562144933 -0.0018534897192258814
0.9999987940129124 -0.0018865678295198448
0.9999967243474943 -0.0019318511658392157
0.9999911146983128 -0.00199536288857296
0.9999759850440885 -0.002086649161504705
0.9999357106773505 -0.0022206656849836272
0.9998320438739181 -0.002419795849550395
0.9995854266893892 -0.002714254101973419
0.9990824286710386 -0.003137572953503369
0.9982606734187663 -0.0037156020686213657
0.9971809759665344 -0.0044550065681160005
0.995955710033014 -0.005341374747447874
0.994663895280753 -0.006347916976070648
0.9933435397495471 -0.007446068961232788
0.9920101605378223 -0.008611620743915138
0.9906696821061324 -0.009826305644035475
0.9893243009055902 -0.011077116129271168
0.9879748136939892 -0.012355020500633028
0.9866214982682844 -0.013653792110890215
0.9852644408058472 -0.014969127396972164
0.9839036567329417 -0.01629803084448587
0.9825391351545367 -0.017638399551286377
0.9811708551009596 -0.018988745420451057
0.9797987919337345 -0.020348009107133965
0.9784229203813565 -0.021715434472518422
0.9770432138358013 -0.023090483188974192
0.975659641968171 -0.024472775857731437
0.9742721770958958 -0.02586204991801348
0.9728807974424525 -0.02725813086780508
0.9714854676823609 -0.028660913680915834
0.9700861527682925 -0.030070342796220954
0.9686828431480998 -0.03148640237302384
0.9672754917457693 -0.03290911839068482
0.9658640609017934 -0.03433853014528452
0.9644485593655048 -0.03577470534180906
0.9630289013829851 -0.03721774474939426
0.9616050934176212 -0.038667723691852854
0.9601771110745148 -0.04012479069454016
0.9587448558792929 -0.0415890532287811
0.9573084120148744 -0.043060645106127365
0.9558676066911178 -0.04453976285506676
0.9544225299211231 -0.046026475459192154
0.952973071310605 -0.04752108084947993
0.9515192045488869 -0.04902360172976527
0.9500609686777426 -0.05053438431505424
0.9485981613060647 -0.05205347868570717
0.9471310007496124 -0.053581189165098825
0.9456591294676301 -0.05511768499251869
0.9441828721367082 -0.05666314836629678
0.942701799470202 -0.05821792692053091
0.9412162973381195 -0.059782038888347495
0.9397258653791504 -0.061356047556740914
0.9382309533569189 -0.0629397699223155
0.9367310258319712 -0.06453401758203359
0.935226522829802 -0.06613839575044887
0.9337169387599458 -0.06775394734053797
0.9322027004436004 -0.06938010807829824
0.9306832549127616 -0.07101810645999303
0.9291591457571113 -0.07266724583504766
0.9276296452366636 -0.07432892003945381
0.9260954870822582 -0.0760023238694811
0.9245557719266104 -0.07768896669760504
0.9230113545760338 -0.07938804744518084
0.9214612656419361 -0.08110099988441558
0.9199063837332162 -0.08282731095993996
0.9183457362925052 -0.08456797857160486
0.9167801961098528 -0.08632320012397982
0.9152087900683171 -0.08809309246489493
0.9136323876551572 -0.08987900417322475
0.9120500313699833 -0.09167978314938693
0.9104625328767803 -0.09349823318185159
0.9088690524690586 -0.09533176606785583
0.9072701956753345 -0.09718463931437944
0.9056654217430448 -0.09905305070942036
0.9040549373584792 -0.10094224851438842
0.9024386773151023 -0.10284795171520375
0.9008163177123336 -0.10477540937002768
0.8991883280816888 -0.10672108833892367
0.8975538886858442 -0.10868885705338978
0.8959138614149111 -0.11067738145740744
0.8942671823959276 -0.11268777773885223
0.8926147546937422 -0.11472206850636191
0.8909556973878382 -0.11677785169345488
0.8892904856011116 -0.11886075810169389
0.8876188889680695 -0.12096525949665658
0.8859405352538783 -0.12309953211252928
0.884256169011105 -0.125256656986614
0.8825643804102932 -0.12744507755919923
0.8808669166782632 -0.1296591508097316
0.8791614761504176 -0.1319048086479808
0.8774504953658402 -0.13418032013582146
0.875731236131493 -0.13648693822706887
0.8740062667441908 -0.13882831712590638
0.8722730201041966 -0.14120048503923804
0.8705335934306554 -0.14361204152324256
0.868786135111733 -0.14605524578688106
0.8670318278488627 -0.14854134477836398
0.8652698485464595 -0.15106179208791895
0.8635002929615675 -0.15362720424367182
0.8617234032328134 -0.15623154858864416
0.8599382661571805 -0.15888183193505986
0.858146022976493 -0.16157696902668334
0.8563449762468155 -0.16431873230475297
0.8545369033948987 -0.16711177722368248
0.8527196138758818 -0.16995276607848012
0.8508951941580537 -0.17285121543251208
0.8490613426236646 -0.17580028085524738
0.8472199889799075 -0.17881226413991708
0.8453692917508909 -0.18187932806269208
0.843510340284836 -0.18501385339624282
0.8416425205426487 -0.18820993037262188
0.8397652984716693 -0.19147713123922233
0.8378799694156679 -0.19481434730009156
0.8359839445800171 -0.19822583748614228
0.8340804423142276 -0.2017173476634447
0.8321653636250016 -0.2052867404643404
0.830242669094687 -0.20894660623518613
0.8283085286844026 -0.21269000774859578
0.826365443484178 -0.2165333780176313
0.8244121474261167 -0.22046944410306663
0.8224477325475273 -0.2245134376202472
0.8204746160605247 -0.2286628028713011
0.8184885977418285 -0.23292796334589738
0.8164942141783492 -0.23731264113787817
0.8144868752950959 -0.24182397153192015
0.8124694673021213 -0.2464679866195642
0.8104408354118456 -0.2512544663173253
0.8083993220308353 -0.2561862694018167
0.8063482340968624 -0.261279369939392
0.8042827783906938 -0.26653436979891926
0.8022069231181517 -0.2719682801948105
0.8001181361067569 -0.27758860357028287
0.798015491989398 -0.28340427453276384
0.7959026646896085 -0.28943581297156745
0.7937730351426264 -0.29568605509341583
0.7916333898315683 -0.3021783145536118
0.7894779096406317 -0.3089274791060215
0.7873083823494169 -0.31594140717330865
0.7851268183647456 -0.3232591270417586
0.7829267876404603 -0.33087731325295006
0.780715785319412 -0.3388382474516419
0.7784869300728087 -0.3471634149113667
0.7762423155185063 -0.3558639023496778
0.7739846497420442 -0.3650057137825636
0.7717056464240782 -0.3745835381572411
0.7694147293878896 -0.3846609313477224
0.767103793497017 -0.39528856277444363
0.76477425219796 -0.40646730583651536
0.7624311001318119 -0.41832595996074773
0.760062678290919 -0.43085441971132177
0.7576808303615183 -0.4441511520842543
0.7552770923839744 -0.4583370922649455
0.7528500451392621 -0.4733909536392975
0.7504093239304999 -0.4895597920410084
0.7479384304653669 -0.5068603041996819
0.7454510112020621 -0.5254298423037495
0.742940842658747 -0.5455778484254138
0.7403997754500897 -0.5672540679618008
0.73784524123784 -0.5909352318612665
0.7352545840222244 -0.6168017892505874
0.7326412464066198 -0.6450504012861485
0.7300038991803491 -0.6764668771677911
0.7273217964073939 -0.7110665705483241
0.7246161443992968 -0.7497156398628303
0.7218429930997842 -0.7930191458150494
0.7189737706255677 -0.8408469783107606
0.7159136755273946 -0.8938137831622424
0.7124309352338076 -0.9502282559202321
0.7082627813370593 -1.0083861317136047
0.7032282571880443 -1.0676533903873286
0.6974903486010599 -1.1274144699012132
0.6913357270060472 -1.190986212489668
0.6849341376203816 -1.2610975340571888
0.6783829543120211 -1.3397438564552877
0.6717091603156732 -1.431475011325082
0.6649050663099658 -1.5383137527175563
0.6579821015646526 -1.6646939258013693
0.6509183718424792 -1.8182652126826337
0.6436983455445996 -2.0054312047479903
0.6363170222228997 -2.241592129191995
0.6287367263188047 -2.549721773922656
0.620935232332982 -2.9647474391795754
0.6128779488448871 -3.5655000322067614
0.6044940323125877 -4.510958638747065
0.5957144485830057 -6.219910264131451
0.5864186529811192 -10.32260379908802
0.5764529725038099 -32.67117735272322
0.5657430717072155 27.018832291770252
0.5544743813592993 9.63918537867425
0.543238155048311 6.032677958867422
0.5326395561965438 4.531634825973484
0.5228462423189851 3.7347944548930414
0.5137673910789149 3.2540856049924347
0.5052532587065725 2.9330640252206552
0.49717063633075054 2.703640266836309
0.4894393108538128 2.5328702056885155
0.4820001774092592 2.398192314119087
0.4748044115380642 2.2901170320548743
0.4678229417018112 2.201596884234218
0.4610371295081497 2.1260265670228
0.45441632332653586 2.062337672229313
0.4479512316963572 2.0070668893203867
0.4416347670024154 1.9580571065237595
0.4354393616289895 1.9156963810103964
0.42936891039727143 1.8772986973195518
0.4234175702487833 1.8427273717207362
0.41755896897035505 1.8123428914817963
0.41180709349348976 1.783736768149217
0.40615248502014184 1.757950309072331
0.40057329838334743 1.735026678456126
0.39508501114167666 1.7126291209438167
0.3896817824658829 1.6925090825103717
0.3843384513340004 1.674706805007057
0.37907632558928056 1.6564373654696032
0.3738864040567614 1.640107268011913
0.3687525826517107 1.626048276222124
0.36368124132491036 1.6107651135646668
0.3586807960989059 1.5969049918980016
0.3537316108990369 1.5856017383729089
0.34882768352629 1.5729364598232436
0.3439942796572636 1.560431473069997
0.3392086374815197 1.5510793560222158
0.33446052610411575 1.5409773570547607
0.3297678190738164 1.5293277447331193
0.32513095929699143 1.5208826201092291
0.32053102950099044 1.5131632777961899
0.3159583829121967 1.5028594193237765
0.3114529884756653 1.4942064700335096
0.30699426935319235 1.4879128370794181
0.3025346653282997 1.4800988549687446
0.2981387749046272 1.4711510960144485
0.293807467173218 1.4643369777737365
0.2894669555557106 1.4593076096397382
0.28516599136740156 1.4518313435278407
0.28093599740049047 1.4431143598997274
0.27671724727353253 1.4387213474526435
0.2725177221989176 1.4347198070418012
0.2683647815421697 1.4257475884500654
0.26424596761602587 1.4188445728322445
0.2601624634874434 1.4169204125683696
0.25609190940810284 1.41143516943441
0.2520384183961653 1.402589039006019
0.2480537698107581 1.3981823212670068
0.24409531025353054 1.3960998306814365
0.2401069050983866 1.3902688714025335
0.23617345009161184 1.3827518414445668
0.23232010121485902 1.3784370292314394
0.22844066147427886 1.3766225653041626
0.22454801740150973 1.3720560683002254
0.22074121070388228 1.364125187174883
0.21697640055381828 1.3594700329036122
0.21317835324251164 1.359278165402547
0.2093970193321216 1.3553199640813085
0.2056839019977467 1.346446541796358
0.201994357686251 1.3419036865530962
0.19829356753894906 1.3429315502312027
0.19461121148868646 1.3396765539221696
0.1909705531916653 1.3302723680741713
0.1873547863682331 1.3251151487690063
0.18375459954260084 1.3271220042247271
0.1801635731373699 1.3251370002493315
0.17657878369779112 1.3152844631657443
0.1730312793210728 1.3093362253999257
0.1695387414367124 1.3116132174233395
0.16602935969281676 1.3106886952662444
0.16248504989578522 1.3019046186998344
0.1590102934371563 1.2951477754990242
0.15561906449941146 1.2954638875732678
0.15217880508076156 1.2959775914160852
0.1486834930314463 1.2904122654541648
0.1452762719467782 1.2822751646981965
0.14196060344250036 1.2791158867357946
0.13859710253005633 1.2809602191891782
0.13516679103242604 1.2792666356618545
0.13180512856274645 1.2710452644701578
0.12854739774359905 1.2643313036951689
0.12526944581201044 1.2647881710558226
0.12190947684903321 1.2667544786172122
0.1185884716491131 1.2618789788282252
0.11537682914075173 1.2520962360574832
0.11216668941976943 1.2479623951495442
0.10888758154138975 1.2521841595304126
0.10562552039232453 1.2528333071715265
0.10244023798003904 1.242702520366541
0.09927291030086957 1.2333595560092199
0.0960817607599882 1.2354278421706215
0.09289373151895004 1.2406623728659645
0.08973404823667372 1.2355416436795823
0.08659701303751269 1.2233032871835572
0.0834675412563104 1.2183682625710544
0.08035623386552326 1.224262193555191
0.07725783086766119 1.2271689838571378
0.07414742592744705 1.2171196496988783
0.07103729613503457 1.2054402640540762
0.06798802884611932 1.2059935649345044
0.06498170434180081 1.2130682620406072
0.06191858377891277 1.2110821942604024
0.05881585890306912 1.1991240178315212
0.05578640202886337 1.1907228601355357
0.05285185190881663 1.1937907993728896
0.049886399264988626 1.1998847926710743
0.046825651925695724 1.1953575690665312
0.043772569247739285 1.1826036813476872
0.04085025600007485 1.1765048734702015
0.03799817779800299 1.1815753563059124
0.035040491552762086 1.186021705487845
0.03198200705465985 1.1796588267878385
0.029018468070540315 1.167750731614801
0.026210165502503692 1.1626372919007382
0.023385965954334672 1.1679446801487807
0.02041684934703977 1.172536231445182
0.017411014498119527 1.1653449468359391
0.01454999485127342 1.152691216781695
0.01180777209465513 1.1486143873361685
0.008997059258115557 1.1546829905024587
0.006035583004709352 1.1587175781301748
0.003098694951808318 1.1514815049954443
0.0003344328368137525 1.1387013428877872
-0.002369339432147887 1.1340156446636445
-0.0051851268519842 1.1407967740311744
-0.00810492174061955 1.1458618245055037
-0.010954193724840841 1.1379030725106594
-0.01366290052168726 1.1244789796569352
-0.016348439276158633 1.1200886051979293
-0.019143701313534184 1.1266634719815964
-0.022010273487551284 1.1321965636485176
-0.024784485775646407 1.1253430373828675
-0.02744879365575944 1.1112178184908639
-0.030130776368370835 1.1053856091285692
-0.03289806533918092 1.1122996496456006
-0.035684694470261895 1.1188789469305809
-0.03840041818394846 1.1125820975894365
-0.04105129967636167 1.0987148904409896
-0.043718331593209335 1.0915319927893739
-0.04644046303257324 1.0967126250173185
-0.04915754159796189 1.10479900600898
-0.05181999734937262 1.1011394430434642
-0.05445971124174835 1.0868152522288543
-0.057125082130112935 1.07738633892546
-0.059791633633341376 1.0812411088011686
-0.0624274481761058 1.089999493399069
-0.06505575495632149 1.0892177612314669
-0.06769290655905617 1.0764937829854022
-0.07034182477985318 1.0641162090662741
-0.07296116472966538 1.0644678692461997
-0.0755252003258547 1.074599989872629
-0.07810590142541093 1.0777323396565477
-0.08074387356374389 1.0663618348075963
-0.0833917081388428 1.0518544596140735
-0.08595739883390864 1.0483426743969757
-0.08845025460585655 1.057453409019131
-0.09099151599962321 1.0652361528156646
-0.09361915030202386 1.0577703744016145
-0.09626213873625904 1.0406678459641847
-0.09880087563119257 1.0321437249259482
-0.10122444620685125 1.0399789716507055
-0.10370465892040626 1.0513339570777995
-0.1063245896469704 1.0486277806786886
-0.10897142794367896 1.031719560274612
-0.11148429647108211 1.0175098181900541
-0.11385658902528738 1.0209326909899055
-0.11627251802225523 1.0357800105759387
-0.11885604057263276 1.0394422461385031
-0.12151085844208817 1.0236470310107177
-0.12402892104151267 1.004903631707979
-0.12635310850332085 1.0026951786079341
-0.12869441639555965 1.0174048292028046
-0.13123416604017996 1.0282178566126836
-0.13388592699547958 1.0174628107725345
-0.13641767665482554 0.9946893102177898
-0.13872946986744805 0.9850320064310663
-0.14099460966954314 0.9978410756354721
-0.14345492587806394 1.0142621533746305
-0.14609984098700862 1.0104991234276735
-0.14866304434912148 0.9878053478075924
-0.15097365503453747 0.97019828293691
-0.15318166954628057 0.9765374349101199
-0.1555513773956494 0.9971102743292117
-0.15815022789994132 1.0025645275157302
-0.16074923211038042 0.9825043541366503
-0.16309880948134636 0.9588034590188907
-0.1652620721224766 0.9567127926858289
-0.16752863647770003 0.9761517535150765
-0.1700608884636164 0.9909520996232883
-0.1726780234977856 0.9788620042989394
-0.1750805610855805 0.9512231053700434
-0.177244503619243 0.938859414894507
-0.17941582960006836 0.953799234037098
-0.1818361105080337 0.9749477442871785
-0.18445047073401633 0.9732257151402416
-0.18692386309301204 0.9475730619187505
-0.1891113641790045 0.9256692675172014
-0.19121826272845352 0.9307385625906653
-0.19351757792821062 0.9545174065861052
-0.19607008445465998 0.9646249047648768
-0.1986075863641892 0.9451313998057959
-0.20086604727246554 0.9173834815117666
-0.20293759825365865 0.9110366113113507
-0.2051140868252 0.9304346964786322
-0.2075705135071922 0.9502103245419784
-0.21013354360201858 0.9426221492819984
-0.21247783075907076 0.913568537102854
-0.21457112748927948 0.8955052316080493
-0.21665218471981296 0.9063982104523733
-0.21896797411784705 0.9302388405336415
-0.2215096258369792 0.9355901376646955
-0.22394604758911504 0.9128265300472636
-0.2260933229780738 0.8862916803346558
-0.22812597219616995 0.8842012909469645
-0.23030889734263774 0.9062538155126277
-0.23275394234476154 0.9231447268199761
-0.23525131363414672 0.9110662261834843
-0.23749841489768675 0.8823530805063253
-0.23952577141758058 0.867866400414339
-0.24159582209130176 0.8808190202979512
-0.24391456119028218 0.9038067285928953
-0.24640490919918107 0.90612534733472
-0.2487528739663728 0.8815324124795417
-0.2508376050308393 0.857395835664144
-0.2528410453972573 0.8584648749890099
-0.25501222036703963 0.8799010583211122
-0.2574334491452024 0.8940844901147388
-0.25985798169717866 0.8808982919923971
-0.2620289868328564 0.8531337160635631
-0.2640249545307146 0.8408181579597053
-0.266082376081581 0.8548768678786487
-0.26837086325178044 0.8757830678786841
-0.2708091141172817 0.8757298825621115
-0.2730914732562901 0.8522517186602466
-0.2751258448354332 0.8303904091109114
-0.2771111827108342 0.8319642346388683
-0.2792672341264574 0.8523549182754057
-0.2816372532781646 0.8647491249175961
-0.2839979983403162 0.8509302631150099
-0.2861256166545506 0.8253774161447086
-0.2880925508380645 0.8149757964015966
-0.290128720707069 0.8277372152681295
-0.2923874282449727 0.8464543111359972
-0.2947650995643163 0.8461308086483628
-0.29699037671353645 0.8238571371679999
-0.29900068570512606 0.8038397835462263
-0.3009676931162428 0.8059306000978267
-0.3030899821763497 0.8240362065771153
-0.30541400956083664 0.8344546001150637
-0.30772083927939625 0.822060178849076
-0.30980641816590426 0.7986977526301577
-0.3117577712275209 0.7888309958781126
-0.3137758881294554 0.8005474344953564
-0.3159871904381136 0.8171317368246724
-0.3183105767548668 0.8160401778008156
-0.3204978064795596 0.7961864304005729
-0.32247997149520224 0.7782620602760338
-0.32442979892900853 0.779408930363028
-0.326526828893218 0.7954142061135628
-0.3287958699293449 0.8047559886148645
-0.3310506795536437 0.793070840763438
-0.3331132854044132 0.7721286346237618
-0.3350453168563272 0.7634750301364417
-0.3370386218929723 0.7731821788139351
-0.33921458234421586 0.7874270980141282
-0.34148476718264176 0.7866652774485344
-0.3436287156752588 0.768628452491366
-0.345596737987259 0.7523532240920656
-0.34753075948228207 0.7535255451310658
-0.3495935801708976 0.7671297558639654
-0.35181916282507064 0.7746550683348107
-0.35402980677030865 0.7645028413077056
-0.3560589726573713 0.7458277369634551
-0.35797931259298416 0.7377078146505449
-0.35995609730059425 0.7463459211886543
-0.3620901023102744 0.7584527026984053
-0.364313422480051 0.7568627937309034
-0.3664244495314909 0.7410439106394071
-0.368367267324281 0.7268691820559929
-0.3702879081858252 0.7274735175675641
-0.3723306751380139 0.739249538878279
-0.37451007457137997 0.7453703604265443
-0.3766748256464874 0.7354935817068015
-0.3786808205012766 0.7191664447520906
-0.38058232357335625 0.7125502997473496
-0.38254210744880157 0.719724697585521
-0.3846509633389774 0.7296805722655322
-0.3868272991518786 0.7276695530451411
-0.38889617414512495 0.7130839909519824
-0.390823344559893 0.7009454686029275
-0.39273006599703647 0.7022026798264455
-0.39475140564275696 0.7118934659604861
-0.3968995745320146 0.7160017878615452
-0.3990189430800548 0.7067653160640047
-0.40098864814057866 0.6923327307383975
-0.4028806356126139 0.6871083749737215
-0.40482991035566396 0.6939518626461225
-0.4069117452026672 0.7015215866138756
-0.4090499850471475 0.6981017245781963
-0.41107757353871105 0.6851678103640321
-0.41297669278898674 0.6751795145409827
-0.41487921675638095 0.6768942444730759
-0.41689080089539293 0.6852623162690586
-0.4190037200936325 0.6871157146066608
-0.42107905688461683 0.6775064680800484
-0.4230155429614002 0.6655244930225863
-0.42488980667197895 0.6621806334249899
-0.4268386528170816 0.668291017768491
-0.42890625661617515 0.6737688105561175
-0.43099821900779695 0.6688205655662022
-0.43298111263322864 0.6568126519046668
-0.43485973667674993 0.6496110979489276
-0.4367552950585527 0.652314400082969
-0.438765837431827 0.6586671198954234
-0.4408522687382029 0.65825912015142
-0.44287221686167544 0.6484899689893602
-0.4447726740963671 0.6386034205610531
-0.4466421087239359 0.6376341115108862
-0.44859164806115803 0.6432777763379376
-0.4506484058537246 0.6457946165178374
-0.45269637254111017 0.6393819792045652
-0.4546251658082314 0.6289238152333804
-0.4564853420162732 0.6243056184054888
-0.4583906382192736 0.6280724806224645
-0.4604001973398209 0.6323410777078663
-0.4624544835720387 0.6289958719190849
-0.4644191729665267 0.6195154247232854
-0.4662815961484046 0.6125265746326951
-0.4681539213608026 0.6134744678398154
-0.47011978329402976 0.6182076553046068
-0.47215761154262104 0.6176778281228957
-0.4741499936468529 0.6097385153213373
-0.47603116645760735 0.6016002956755366
-0.47787956262502296 0.6000353902838725
-0.4798044401811926 0.6038517675039491
-0.48181884883083576 0.605407146938418
-0.48382313314865316 0.5995934711893582
-0.485726903892467 0.5909940890335523
-0.48756851641830534 0.5874666303286152
-0.48945493632820813 0.5899775898199213
-0.4914399797278351 0.5924121494016821
-0.49344846031326545 0.5887916294121349
-0.4953699545354358 0.5806293033191212
-0.4972136128076596 0.575449974407061
-0.499074546070297 0.576615061432174
-0.5010243563644841 0.579314277077271
-0.5030284201979146 0.5772524830381746
-0.504966579164037 0.5701425495266013
-0.5068133546637213 0.5639964053291308
-0.508658012001236 0.5636424018438876
-0.5105783250833337 0.566298810229174
-0.512566495083004 0.5653601313382104
-0.514517896440435 0.5592396711082833
-0.516371793718382 0.5528478889557467
-0.5182024346902134 0.5511989010475514
-0.5201003528017675 0.5533454555326661
-0.5220705257844204 0.5533020742449999
-0.5240252539207809 0.5480530321765086
-0.5258892153393313 0.5416590897835517
-0.5277106617107598 0.5392222357862857
-0.5295876375083672 0.540654070001739
-0.5315430834783863 0.5410553045409866
-0.5334949792485933 0.5367015534943398
-0.5353648300469619 0.5303950997267515
-0.5371832722144139 0.5274502161103263
-0.5390424233431642 0.5283403695682427
-0.5409828596497976 0.5287646186595928
-0.5429317856553464 0.5251196033823767
-0.5448019361115585 0.5191183115319724
-0.5466186038642892 0.5157820277485703
-0.5484665895340264 0.5162870404264028
-0.5503916989061659 0.5166176452382756
-0.5523360247756276 0.5133275426788845
-0.5542049699779855 0.5077598598492709
-0.5560174486903049 0.504256991508683
-0.5578592437324511 0.5043924666958286
-0.5597728832446968 0.5046249976711384
-0.5617086209115476 0.5014662138423822
-0.563575409247209 0.49625014093714065
-0.5653829861666061 0.4928545874185326
-0.5672201082958412 0.49267385735413277
-0.5691274467031366 0.49271252412877464
-0.5710526108143076 0.48961492806168283
-0.5729133587604692 0.4846367376652149
-0.5747176289279723 0.4814988500667981
-0.5765512475948174 0.4811511931469099
-0.5784552505680393 0.4808591565241338
-0.5803702751785413 0.47775394665752896
-0.5822202283114104 0.4730091762069937
-0.5840223094004762 0.4701645155526782
-0.5858556066924273 0.46977999358888756
-0.5877571280273504 0.46908051814389706
-0.5896619359715238 0.46585641224410484
-0.591498299014711 0.46141536165285
-0.5932981687802114 0.45889054331708806
-0.5951355630658134 0.45849280261277403
-0.5970348721622929 0.45736415416100296
-0.5989271262131562 0.45393762532645654
-0.6007492757180704 0.4498737867420638
-0.6025476483909741 0.4477220736862901
-0.6043930262908552 0.4472409875150421
-0.6062899701781338 0.4456621980333083
-0.6081655869751557 0.4420387888440945
-0.6099742780237147 0.43841491774708713
-0.6117741849629401 0.43667148851569804
-0.6136299937960111 0.43598829107410386
-0.6155227064683402 0.43392579831639844
-0.617377365876352 0.4302077446167296
-0.619174872135957 0.4270887778586442
-0.6209816061519271 0.42571475149474636
-0.6228483689401283 0.42468969207458657
-0.6247320033980761 0.4221367836789817
-0.6265628714925473 0.41850105975278196
-0.6283539868062477 0.4159410544623853
-0.6301737643648312 0.4147957858551274
-0.6320489395248274 0.4132912876485991
-0.6339158202097857 0.4103245773756809
-0.6357235480015179 0.40698801891071723
-0.6375162463689606 0.4049802604797982
-0.6393538883281841 0.40382926222857096
-0.6412301683741422 0.4017571216545406
-0.6430722686752675 0.39857210131950715
-0.644863009615941 0.39573360540765334
-0.6466675228632295 0.39415054220159274
-0.648523021400582 0.39271669916366264
-0.6503879051611289 0.39010993809142835
-0.6522016742396854 0.38700374762496037
-0.6539878377841682 0.3847553738594032
-0.6558131986310202 0.3833253808423457
-0.657677863670576 0.3813919870353579
-0.6595174287261113 0.37846097909092025
-0.6613089870657491 0.3757386202053891
-0.6631068431584617 0.37397372697666087
-0.6649545987222172 0.3723459189191644
-0.6668103065435302 0.36988803727309505
-0.6686182003310468 0.3669922601655994
-0.6704047381691013 0.3648073119399201
-0.6722273608511098 0.3632025081133734
-0.6740848775705266 0.36111622351668765
-0.675912270812118 0.35837532861868093
-0.677698615895764 0.35586189083413516
-0.6795020698844492 0.35407830420522335
-0.6813481610784454 0.3522335402331252
-0.6831901828491159 0.34971259604710647
-0.6849854295283913 0.3470983693377485
-0.6867755656498848 0.34506144423322543
-0.6886078167779028 0.3432903729214858
-0.6904543743221775 0.3410061262115503
-0.6922622564304067 0.338391861017211
-0.6940467876058923 0.3361892294295638
-0.6958645385367419 0.33435657086660214
-0.697710838226341 0.3322490480416533
-0.6995280402267947 0.3297184317820191
-0.7013136194312024 0.3274010656664762
-0.7031196172899175 0.3254980208368698
-0.7049615036240005 0.32346263554220794
-0.7067860289282306 0.32104956151660746
-0.7085736556028398 0.3186821816266967
-0.71037318780655 0.3167007987835928
-0.7122087133202967 0.3147010344544091
-0.7140375325967399 0.3123665541901124
-0.7158280671155602 0.31001566641601785
-0.7176235136701696 0.3079632509476688
-0.719454662474532 0.3059710448874119
-0.7212839817130788 0.3036947759780948
-0.7230775839946996 0.3013716892317638
-0.7248708760173805 0.2992890689491093
-0.7266993829849281 0.29727309955887954
-0.7285277460987514 0.29504543656066634
-0.7303223867207538 0.29275091923538793
-0.7321163126468788 0.2906605102690883
-0.7339431010670716 0.28861892275243123
-0.7357699056435912 0.2864166562833658
-0.7375638414375674 0.2841619044170939
-0.7393602012711693 0.28206632687254274
-0.7411869445660028 0.280008095197523
-0.7430106065095308 0.277815557645272
-0.7448035026470685 0.2756032718929945
-0.7466034649124965 0.27350724084293754
-0.7484316132810256 0.27143281374512157
-0.7502502125159445 0.26925062794658067
-0.7520425209294921 0.2670736445700779
-0.7538478189208434 0.26498247615257403
-0.7556771453864151 0.2628905406021496
-0.7574892541368905 0.2607241992475045
-0.7592823189458789 0.2585751307843276
-0.7610949483422365 0.2564881754720871
-0.762923251753936 0.2543833181796587
-0.764728339457975 0.2522356601072881
-0.766525090735314 0.2501086866741464
-0.76834580869313 0.2480223740478324
-0.77016935821603 0.24591355020148095
-0.771968826416339 0.2437838134358351
-0.7737734893614625 0.24167289466664726
-0.7756000363914592 0.23958689758826582
-0.7774150677947372 0.23748205087171806
-0.7792136126888715 0.2353661513118759
-0.7810294362910959 0.23326717474086825
-0.7828557087301771 0.23118558477761442
-0.784661645456707 0.22908654991306776
-0.786466861179686 0.22698002388596775
-0.788292236174637 0.224894656931951
-0.7901107719017477 0.22281973214057155
-0.7919135833086227 0.220722072305217
-0.79373149036607 0.21862715667809215
-0.7955578101704116 0.2165593167765291
-0.7973667510682415 0.21448408095092097
-0.7991774501274861 0.21238725553363313
-0.8010051427718995 0.21031454548716025
-0.802822624258181 0.20825701284789114
-0.8046312497069945 0.20617236209528714
-0.8064557564308827 0.20409145137709267
-0.8082805999995093 0.2020424636512944
-0.8100912868768414 0.19997510458684892
-0.8119123753689418 0.1978928834703378
-0.8137412924040859 0.19584341904587782
-0.815556651189049 0.19379328330410114
-0.8173756472789424 0.19171554330467908
-0.819206506771612 0.18966428895280893
-0.8210268093553866 0.1876256862132504
-0.8228457712372702 0.18555771355468678
-0.8246775508833334 0.18350498142472352
-0.8265021502240272 0.18147475787023032
-0.828322696491171 0.17941651208251333
-0.8301553142813652 0.17736592849022798
-0.8319834849148052 0.17534094371804929
-0.8338064114651005 0.17329183595547767
-0.8356405806603289 0.17124569267184592
-0.8374714165623675 0.16922513936670125
-0.8392974534810165 0.16718335937111142
-0.8411336885482307 0.16514354461999758
-0.8429667708088562 0.16312733207400928
-0.8447963083583434 0.16109095511382962
-0.8466351252826447 0.15905927092165792
-0.8484701764645024 0.15704671398868103
-0.8503036671709242 0.15501495607100355
-0.8521453422319225 0.15299243460841977
-0.8539822284945564 0.15098253939034512
-0.8558203685451263 0.14895556335327095
-0.8576646370035842 0.14694264292383602
-0.8595037503135758 0.14493391606114853
-0.8613471136668636 0.14291320660389434
-0.8631933436759778 0.1409090367836342
-0.8650357814500242 0.13890024989404962
-0.8668843236626071 0.13688838936850742
-0.86873205134519 0.13488998363328386
-0.8705794331823624 0.13288199839304152
-0.8724320814829868 0.13088069350379705
-0.8742819239626702 0.12888386356656484
-0.876135409447558 0.12688058203138314
-0.877990543768669 0.12488785819465863
-0.8798446602022546 0.12289081628186269
-0.8817035045592428 0.12089646826571945
-0.8835609299662146 0.11890689600010104
-0.8854213647376653 0.11691321258605
-0.8872833948281245 0.11492684854940154
-0.8891455614874599 0.11293771422534114
-0.8910114363399325 0.11095192191481916
-0.8928766956592217 0.1089679838920208
-0.8947454141303772 0.10698334090527362
-0.8966146611442252 0.10500303240441138
-0.8984860228536844 0.10302100925046406
-0.9003593697494645 0.1010429367064976
-0.9022337758853132 0.09906419561639149
-0.9041109956498643 0.09708792434219847
-0.9059889594829378 0.09511229687798047
-0.9078699088249751 0.09313793196591416
-0.9097517758650185 0.09116496683416986
-0.9116365031275184 0.08919267233646588
-0.9135224776482752 0.08722197323072145
-0.9154111492915987 0.08525178062440185
-0.9173013659812392 0.08328307597220375
-0.9191941969432615 0.08131489680743656
