1.0 -0.009031951906034126
1.0 -0.008967570930083492
1.0 -0.00890425745188834
1.0 -0.00884198551968992
1.0 -0.008780730021570508
1.0 -0.008720466652123674
1.0 -0.0086611718807225
1.0 -0.008602822921298487
1.0 -0.008545397703549708
1.0 -0.008488874845501664
1.0 -0.00843323362734907
1.0 -0.008378453966511526
1.0 -0.008324516393839753
1.0 -0.008271402030913363
1.0 -0.008219092568374478
1.0 -0.00816757024524516
1.0 -0.008116817829179522
1.0 -0.008066818597604624
1.0 -0.00801755631970695
1.0 -0.0079690152392239
1.0 -0.007921180058002204
1.0 -0.007874035920287592
1.0 -0.007827568397712141
1.0 -0.007781763474947908
1.0 -0.007736607535997387
1.0 -0.0076920873510932
1.0 -0.007648190064181322
1.0 -0.0076049031809636665
1.0 -0.007562214557477708
1.0 -0.007520112389192238
1.0 -0.007478585200599915
1.0 -0.007437621835288799
1.0 -0.00739721144647641
1.0 -0.007357343487991255
1.0 -0.00731800770568827
1.0 -0.007279194129285815
1.0 -0.007240893064613352
1.0 -0.007203095086260226
1.0 -0.007165791030617443
1.0 -0.007128971989305627
1.0 -0.0070926293029838555
1.0 -0.0070567545555356315
1.0 -0.007021339568629673
1.0 -0.006986376396654939
1.0 -0.006951857322031098
1.0 -0.006917774850897414
1.0 -0.006884121709185079
1.0 -0.0068508908390803045
1.0 -0.006818075395887648
1.0 -0.00678566874530597
1.0 -0.006753664461132016
1.0 -0.006722056323410114
1.0 -0.006690838317049906
1.0 -0.006660004630938166
1.0 -0.006629549657575318
1.0 -0.006599467993272455
1.0 -0.006569754438950538
1.0 -0.006540404001590219
1.0 -0.00651141189638846
1.0 -0.006482773549686981
1.0 -0.0064544846027477926
1.0 -0.006426540916463088
1.0 -0.0063989385771003405
1.0 -0.006371673903199827
1.0 -0.006344743453760273
1.0 -0.006318144037870711
1.0 -0.006291872725972395
1.0 -0.006265926862965385
1.0 -0.006240304083410682
1.0 -0.006215002329122123
1.0 -0.0061900198694936
1.0 -0.00616535532496901
1.0 -0.0061410076941363365
1.0 -0.006116976385016829
1.0 -0.006093261251228176
1.0 -0.006069862633832452
1.0 -0.0060467814098399755
1.0 -0.006024019048537015
1.0 -0.006001577677047707
1.0 -0.0059794601568402325
1.0 -0.0059576701732597355
1.0 -0.005936212340635803
1.0 -0.0059150923260964175
1.0 -0.005894316995957551
1.0 -0.005873894589493578
1.0 -0.0058538349260886255
1.0 -0.0058341496533042755
1.0 -0.005814852545384059
1.0 -0.0057959598642990775
0.9999999999999999 -0.005777490798826285
0.9999999999999997 -0.005759468001624158
0.999999999999999 -0.00574191825022399
0.9999999999999972 -0.005724873265843471
0.9999999999999926 -0.005708370734741044
0.9999999999999798 -0.0056924555915955355
0.999999999999945 -0.0056771816447555795
0.9999999999998508 -0.005662613651561499
0.9999999999995943 -0.005648829991863524
0.9999999999988973 -0.005635926144696604
0.9999999999970025 -0.005624019254960798
0.999999999991852 -0.005613254196437163
0.9999999999778515 -0.005603811714138643
0.999999999939794 -0.00559591949393261
0.9999999998363432 -0.0055898674106179
0.9999999995551347 -0.005586028829049906
0.9999999987907309 -0.005584890812525608
0.9999999967128664 -0.005587097658206277
0.9999999910646511 -0.005593514724818766
0.9999999757112505 -0.005605323728135383
0.9999999339766824 -0.0056241677581275505
0.9999998205325925 -0.005652376341578228
0.9999995121760477 -0.005693321652989884
0.999998674097678 -0.00575199276478126
0.9999963968626335 -0.005835935370475193
0.9999902133221351 -0.005956801073556451
0.9999734534693786 -0.006132881391903739
0.999928251584287 -0.006393092602402181
0.999807931646476 -0.006782605036279812
0.999498261410215 -0.007368789834242516
0.998761783316295 -0.00824218517643146
0.9972606412400715 -0.009502596517995949
0.9948113086845285 -0.011225872377033274
0.9915997815091037 -0.013429711155057228
0.9879654805712003 -0.01606879963037938
0.984146501060333 -0.019061624703811023
0.9802571824822108 -0.02232246101947111
0.976344077635666 -0.02577952357999842
0.9724248423649501 -0.029379399328554604
0.9685059083954634 -0.03308473068992412
0.9645894981882983 -0.03687020217993557
0.9606762780567305 -0.04071893996558378
0.9567663439822689 -0.04461982340041736
0.9528595854314833 -0.048565622115576745
0.9489558191859995 -0.0525517445281598
0.9450548384164325 -0.05657540533878274
0.9411564305648926 -0.06063507115801565
0.9372603837595798 -0.06473008885078847
0.9333664890188352 -0.0688604340025235
0.9294745409141351 -0.07302653888354277
0.9255843376742727 -0.07722917354915809
0.9216956810907374 -0.08146936286761548
0.9178083763558003 -0.08574832814214033
0.9139222318821585 -0.09006744578222226
0.9100370591218534 -0.09442821794394488
0.9061526723899176 -0.09883225167885977
0.9022688886946146 -0.10328124420719874
0.8983855275740256 -0.10777697265466804
0.8945024109388648 -0.11232128708398736
0.8906193629221771 -0.11691610599066005
0.8867362097352331 -0.12156341366776435
0.8828527795283656 -0.1262652590100117
0.8789689022564802 -0.13102375544490036
0.8750844095494525 -0.13584108176325554
0.8711991345872256 -0.14071948368273066
0.867312911979064 -0.14566127602281043
0.8634255776464542 -0.1506688454031876
0.8595369687092683 -0.15574465340239865
0.8556469233747915 -0.16089124013259104
0.8517552808290844 -0.16611122820092677
0.8478618811300817 -0.17140732703954437
0.8439665651020637 -0.17678233759506953
0.8400691742318211 -0.18223915737599974
0.8361695505678303 -0.18778078586239783
0.8322675366244914 -0.19341033028767632
0.828362975293163 -0.19913101180719875
0.8244557097598499 -0.20494617207312832
0.8205455834258377 -0.2108592802392276
0.8166324398217252 -0.21687394042275332
0.8127161224972013 -0.22299389965292624
0.8087964748674727 -0.22922305633714773
0.804873340029491 -0.2355654692788138
0.8009465606457132 -0.24202536728769392
0.7970159790506837 -0.24860715943930556
0.793081437554294 -0.2553154460584177
0.789142778450946 -0.2621550304966782
0.7851998431418273 -0.26913093171994334
0.7812524709471848 -0.27624839767987347
0.777300499647644 -0.2835129195705631
0.7733437681185572 -0.29093024730530825
0.7693821167258036 -0.2985064064051495
0.7654153823354207 -0.30624771589534194
0.7614433956372091 -0.3141608069969763
0.7574659891361661 -0.3222526437297184
0.7534830020615392 -0.33053054604708465
0.7494942663668367 -0.3390022135700468
0.7454996008017946 -0.3476757501767842
0.7414988353404023 -0.35655969385057384
0.7374918108492712 -0.3656630487050682
0.7334783393097394 -0.3749953130988321
0.7294582267964956 -0.3845665164154172
0.7254313210973106 -0.3943872664035052
0.7213974411128974 -0.4044687813075899
0.7173563603710132 -0.414822932164111
0.7133079262588423 -0.42546231649099076
0.7092519703738507 -0.43640028960354743
0.705188227373571 -0.44765101314002376
0.7011165530095976 -0.45922958185490814
0.6970367853626703 -0.47115202920095867
0.6929486026653636 -0.4834353952952151
0.688851901551535 -0.4960979485786696
0.6847464949341605 -0.5091590901248658
0.6806320005900046 -0.5226395410419961
0.6765084131674762 -0.5365616495015413
0.6723754189907635 -0.5509490621189489
0.6682326506138705 -0.5658273476492086
0.6640802161335944 -0.5812240536054284
0.6599175302330189 -0.5971683131441047
0.6557444774486476 -0.6136922386882752
0.6515610467499975 -0.6308298172783952
0.6473664485529218 -0.6486178437140495
0.6431610235225994 -0.6670968598512195
0.63894415866904 -0.6863092252338147
0.6347154749738774 -0.7063028718350555
0.6304752554420128 -0.7271281922537791
0.6262224191181188 -0.7488407458911333
0.6219574031738473 -0.7715021033861642
0.6176794887168967 -0.7951766704025794
0.6133884013278075 -0.8199396730474282
0.609084100672146 -0.8458679017577763
0.6047658029220341 -0.8730516050548787
0.6004337336788675 -0.9015859442961799
0.5960868924206715 -0.9315777787774584
0.5917256772778229 -0.9631475591425671
0.5873489220248758 -0.996423021532739
0.582956961410412 -1.0315569269752731
0.5785489063211507 -1.0687055512723311
0.574124574242359 -1.108062687851384
0.5696835643518475 -1.1498244110469213
0.5652252378860818 -1.1942370339394865
0.5607495192505305 -1.2415534619433433
0.5562553653995814 -1.2920884819105665
0.5517430786368729 -1.3461759812535272
0.5472111958886954 -1.404224269490254
0.5426602599452373 -1.466682641177896
0.5380885723296267 -1.5340917054934904
0.5334968105888944 -1.6070682541370063
0.5288830342381623 -1.6863470010094157
0.5242480391085941 -1.7727927800923222
0.5195897111341892 -1.867436162875276
0.5149088873579443 -1.9715214559189451
0.5102032728671569 -2.0865480107669354
0.5054737585010659 -2.214364243420042
0.5007178737064154 -2.357247543309587
0.4959365201275435 -2.5180577132829445
0.49112705036663756 -2.700435918109308
0.48629034769546087 -2.9090460242558054
0.48142362493745866 -3.150088173426055
0.47652765105616385 -3.4317180074651694
0.47159957709209027 -3.765376534211076
0.4666399010568925 -4.166747619315035
0.4616458672622203 -4.659356486056578
0.4566174596606435 -5.277711908524664
0.4515522353664442 -6.078402618640108
0.4464493463063455 -7.154444555116338
0.44130691708036784 -8.680947373140976
0.4361229317996558 -11.011127907199878
0.4308962807243568 -15.018226119676164
0.42562353450603824 -23.509876082177357
0.42030434332760347 -53.7167471698597
0.414933858947501 194.19164276626137
0.409512112153543 34.729468842101504
0.4040331968243188 19.112697786793532
0.3984966629600903 13.203970311786271
0.3928962607259321 10.093459403976473
0.3872297868370763 8.175843511815112
0.38149143251179574 6.871937802226781
0.375675882584624 5.9293553215339365
0.369778020058654 5.213838840797728
0.36378844819826234 4.652861116393275
0.35770164977911817 4.199954657523814
0.35150376336659156 3.8263653933310047
0.34518564514266953 3.512464000837315
0.33872822947009307 3.243981817454516
0.3321123822731836 3.0115801012674863
0.32530907181329094 2.807036497243105
0.31827638659623786 2.625276238098411
0.3109577206814765 2.4613624477180354
0.30326320382576794 2.3122533840008725
0.29508785921474745 2.1759257354946886
0.2863536083041375 2.0518897132669727
0.277186662186044 1.9417218495048247
0.2680109097954545 1.8467508921102394
0.25926220387887056 1.7675054839546156
0.2510902387705139 1.7020750248376213
0.24342631827732153 1.6477942898866045
0.23616700554432238 1.602094891637566
0.22922182075685849 1.5627256473950792
0.22252941231561105 1.5283956165289156
0.2160495981545058 1.4978377413207047
0.2097477265256216 1.470413504039344
0.20360668614549182 1.4455500394947578
0.19760509162921824 1.4227325767996084
0.19173125312259928 1.4018132405295718
0.1859753805034523 1.3823460495375102
0.1803241496454687 1.364272108992876
0.17477531052768386 1.3473799631033265
0.16931717320756762 1.3314621866772565
0.16394636499569093 1.3165630167232163
0.15865883074005255 1.3023970084586804
0.1534457293888022 1.2890233074109578
0.14830881797442175 1.2763310707994828
0.1432395483886399 1.264176147894714
0.13823636227322153 1.2526740622972679
0.1332986768706949 1.2415908321888924
0.12841793372721666 1.23100564825247
0.12359851346488426 1.2208791180522205
0.1188330780340747 1.211059773693934
0.11412046412877344 1.2016999413240965
0.10946205614417005 1.1926169208213273
0.10485023371950673 1.1838350815450758
0.10028813925757064 1.175423796396169
0.0957734372735909 1.1671700497852417
0.09129981412052116 1.1592601818253194
0.08687498278417129 1.1515644434739258
0.0824876499792321 1.1440318324358536
0.07814335612163217 1.136818045681608
0.0738398557837757 1.129693961753069
0.06957161321659228 1.122802673228547
0.06534469396694036 1.1161140297038523
0.061151960810747925 1.1095086557137794
0.056995141839035215 1.1031367450521594
0.05287406873034003 1.0968855123610923
0.04878589445288544 1.0907353747708035
0.044730547537679244 1.084786042036087
0.04070851283890037 1.0789190003588998
0.0367173369294857 1.0731508008287312
0.03275577218268381 1.0675690184587479
0.028827165357044916 1.062025593084667
0.02492514026619399 1.0565916620283724
0.021052289151678925 1.0513287640796674
0.017210673739552977 1.0460564527097105
0.013391776237817702 1.0409273333767053
0.009603080710095255 1.035930760742046
0.005842148694169035 1.0308983108133887
0.0021019855940123964 1.0260428403144695
-0.0016074947077469955 1.0212682451420492
-0.005292910757732331 1.0164582428627995
-0.008958142242247885 1.011838145046273
-0.012593430055709023 1.0072580898090688
-0.01620726233054336 1.0026550831262897
-0.019801375286915487 0.998229735160178
-0.02336713326736138 0.9938326734117304
-0.026912438100578768 0.9894180687251181
-0.030439309000899882 0.9851489545444586
-0.033939704810898946 0.9809335017711488
-0.037419030132334774 0.9766878310159748
-0.04088235747108969 0.9725387892642084
-0.04432120955556077 0.9685071683654812
-0.04773686852233239 0.9644167036847443
-0.051139804800259654 0.9603519599869524
-0.05452084397145675 0.9565023591484927
-0.0578751680404644 0.9525669282140686
-0.06121995210970843 0.9485519649561831
-0.06454694272453883 0.9448677590128106
-0.06784263703651462 0.9411055315631168
-0.07113044468066687 0.937116391035934
-0.07440679909079742 0.9335534646100303
-0.07764750020229429 0.929995188387878
-0.08087876049225644 0.9260380227688366
-0.08410651254440117 0.9225204598658098
-0.0872972742426014 0.9191837873800274
-0.09047262877349296 0.915315973198676
-0.09365140509013269 0.911758272727847
-0.09679805039838593 0.9086035025391318
-0.09992007183131382 0.9049314366122063
-0.10304724559119581 0.9012966768252935
-0.10615370697873855 0.8981964107740044
-0.10922864632677892 0.8948170067255089
-0.1123015112405231 0.8911847485567276
-0.11536668058976812 0.8879664326008171
-0.11840342494083818 0.8848555020237492
-0.1214233767399537 0.88142428694394
-0.12444104428423884 0.8780086175489974
-0.12744520352977623 0.8749536682690698
-0.13042124759813906 0.8718989325624746
-0.13338536685003594 0.8684415680583201
-0.13635302189390763 0.8651633391917734
-0.13929798234328636 0.8624065231843088
-0.14221141689657618 0.8592459722197826
-0.14513112623182992 0.8556951145409598
-0.14804933535702283 0.8528598177679366
-0.15092705974347315 0.8501749315295369
-0.15379236172280372 0.8466988659787538
-0.1566726330361334 0.8434703742574715
-0.15952861929849568 0.8409598639810675
-0.1623505219691178 0.8379859060407486
-0.1651781419993019 0.8345675677075456
-0.16800668023952253 0.8317063110002391
-0.17080601752628286 0.829131802440593
-0.17358465099864068 0.8261091470371007
-0.1763657430205706 0.8228799467435988
-0.17914481834407045 0.8200630895309482
-0.18189856591321704 0.8175725440287708
-0.18462788694499005 0.8146340464303152
-0.18736394275628632 0.8113216194620192
-0.1901035734595312 0.8086759931976891
-0.19280610770119436 0.806400708441801
-0.19548715558781335 0.8032721086003181
-0.19818882910678834 0.7999890993561571
-0.2008833899700827 0.7976898595645613
-0.20353389138676037 0.7953352230023234
-0.20617872152987765 0.7920795094163215
-0.20884164945062206 0.7890753942423613
-0.21148689901415477 0.7868346563052322
-0.214098386889165 0.7843597287768395
-0.21670587172269345 0.7813011216241729
-0.2193221615488002 0.7783616781338997
-0.22192941592244764 0.7760030201232954
-0.2245057625706345 0.773733978480244
-0.22706664141729216 0.7708004150507063
-0.22964332828914094 0.7676724891544707
-0.23221960233213604 0.765432685688312
-0.23475335542488393 0.7634038385891397
-0.23727144278739443 0.760352027126566
-0.23981601997433788 0.7572098684195536
-0.2423546941723194 0.7551610805329575
-0.24484818939839215 0.7531051180493242
-0.2473332450001578 0.750083699324416
-0.2498390386683168 0.7471109654588417
-0.2523376989612689 0.7449414753806444
-0.2548034622989371 0.7428575864478645
-0.2572537958557376 0.7401825823761161
-0.25971288345695065 0.7371933714265017
-0.26218056447415555 0.7347171299932619
-0.26462311504514324 0.7328620136944443
-0.2670317950249695 0.7305165664958548
-0.26944866187650746 0.7273244521049067
-0.2718900671269607 0.7247110075274056
-0.27430365027035636 0.7230830335637517
-0.276675091026714 0.720849600242969
-0.2790573826640735 0.717659272987246
-0.28146405161257304 0.715042188721486
-0.2838473561277558 0.7132948807954475
-0.2861949130872467 0.7111883797440464
-0.2885410870726583 0.7083556330698294
-0.2909030984796947 0.7055815869972543
-0.293263263432873 0.7034564762314712
-0.29559431746599363 0.7016801734156317
-0.2978991920936324 0.6992928327456249
-0.300217188214396 0.6962244446144483
-0.3025570851002661 0.6937857496126213
-0.30486898431151943 0.6923114080298406
-0.3071374309954444 0.6902133056691563
-0.30941816962750474 0.6870727316477331
-0.3117280414305489 0.6844777622860176
-0.314017239043207 0.6829146207389527
-0.3162646670375051 0.6810148417709543
-0.3185112446183159 0.6782522478330014
-0.3207768532066991 0.6755145364525266
-0.32304416922769047 0.6734498906132442
-0.32528366456864843 0.6717844492571577
-0.3274959761465376 0.6696626913313464
-0.32971263437532694 0.6667698166315142
-0.3319569163235626 0.6641362578517106
-0.3341889452252502 0.6626179595177603
-0.33637266472093286 0.6610092561647942
-0.338548733532202 0.6581744665147555
-0.3407607213895688 0.6552598796174042
-0.34297442013706325 0.6535361009416856
-0.3451437619763205 0.6520735980139605
-0.3472932229744451 0.6497042260209543
-0.3494604383438578 0.6468953335738528
-0.351642537907328 0.6445868408389923
-0.3538095564209044 0.6429209436984529
-0.3559442025629457 0.6412595372259183
-0.3580634080442161 0.6388241447118103
-0.36020574109226666 0.6359211402258577
-0.36236672749433757 0.6338593971634704
-0.3644930392640807 0.6326619954728085
-0.3665776191062097 0.6306932832969507
-0.3686795033189569 0.6276753088719179
-0.3708143203814051 0.6252185572677385
-0.37293175532479866 0.6238401161294611
-0.3750055649107375 0.6222540222683539
-0.37707317288867553 0.6197758898355488
-0.3791608790243987 0.6171202878052258
-0.3812599758347629 0.6150048263005783
-0.3833403780015259 0.613519359832704
-0.38538568182234495 0.6119005414630196
-0.38742225217119997 0.6093852510984019
-0.38948872370177495 0.6065485298527361
-0.39157039218260603 0.6047749696521484
-0.393607783391008 0.6036915554606005
-0.3956106116980665 0.6016367951089471
-0.39763594174193906 0.5986949573037115
-0.3996923021145319 0.596418073098259
-0.4017281814464049 0.5950938857361545
-0.4037252459920128 0.5935466618437782
-0.4057140708355128 0.5912464841551515
-0.4077203575550458 0.5886560373429113
-0.4097433083281157 0.5864980577848756
-0.41175214228259016 0.5850883502118241
-0.41372153141791584 0.5836962766183603
-0.41567682674636325 0.5812866582053158
-0.41766623085567145 0.5784334964874399
-0.4196754232682266 0.576631838954751
-0.42164436082044804 0.5756443935059034
-0.42357307708188424 0.5738144558005274
-0.42551969280170904 0.5710442540415248
-0.4274966389263933 0.5686930594099016
-0.4294664264446827 0.5672127408758958
-0.4314007905605163 0.5658524836066173
-0.43331580540370784 0.5639145267559014
-0.43523912710897034 0.5614263226966782
-0.43718750829850217 0.5590138547793696
-0.43913834790490647 0.5575135441160061
-0.4410459615475318 0.5564327444974625
-0.44292561813715964 0.5544001756656203
-0.44483162597429843 0.5515331885804757
-0.44677259827079585 0.5494166929967819
-0.4486879022288635 0.5483828377623635
-0.4505571437701851 0.5469709927025544
-0.4524246615299174 0.5445857586926118
-0.4543196896276072 0.5420936416515567
-0.4562266603418758 0.5402425318410868
-0.45811322344215977 0.5389182858015912
-0.4599679695987629 0.5375041367410097
-0.4618100081329843 0.5353532127494506
-0.46367810240409846 0.532703614043974
-0.46557185532562917 0.5307709591355283
-0.4674377113465181 0.5298307493015066
-0.4692545814314364 0.5284290972703212
-0.47107701169140553 0.5258374259814083
-0.4729395875796681 0.5233247555729621
-0.4748073086039031 0.5218678312783002
-0.47663572304013563 0.5207692828925877
-0.4784376950232958 0.5190103718564554
-0.480249185338084 0.51669705289827
-0.48208179108161664 0.5143959350648056
-0.4839252863944725 0.5126954524279156
-0.48574064728267796 0.5116142275758779
-0.4875186937718662 0.5101515021458235
-0.4892995683331083 0.5076683806585747
-0.4911217957402005 0.5051429830452426
-0.49295189224253233 0.5038093620475014
-0.49473289499273776 0.5029145328896697
-0.49648549309426454 0.501062480464379
-0.4982604383739209 0.4985186350986172
-0.5000644231146337 0.4964316330569847
-0.5018602820255087 0.4950727392124659
-0.5036248064185789 0.49385225450276055
-0.5053667434084725 0.4921905621019523
-0.507114889793259 0.48988873348008183
-0.5088935241141916 0.487554664654979
-0.5106809147027821 0.48612571817604167
-0.5124260793101336 0.48527405393953355
-0.5141355696902318 0.48356221889806594
-0.5158690615997285 0.4809319469807678
-0.517640368345158 0.47879872980465066
-0.5194011888307606 0.4776997557469099
-0.5211167306223365 0.47658623035764125
-0.5228184927464056 0.4746775807293995
-0.5245381832643162 0.4724086779413403
-0.5262791655212028 0.47036352336688975
-0.5280208839986411 0.4689485495970376
-0.5297293656643353 0.4679089407101878
-0.531408231391117 0.46634002839737343
-0.5330988796276915 0.46388653211125414
-0.5348312358229244 0.4616276216502199
-0.5365611504996818 0.46052262760503726
-0.5382403803276232 0.45962920946511737
-0.5398977860726158 0.4577348729412403
-0.54158339925292 0.4552904352782175
-0.5432961231548934 0.4534040826828255
-0.5449962460450308 0.4521855938013181
-0.5466644628996058 0.45101011638563415
-0.5483133347968548 0.4493648056720459
-0.5499720642257736 0.4471615754716438
-0.5516605104456997 0.444985107053765
-0.5533560691357076 0.44366876303690705
-0.5550086077264113 0.44285582781860006
-0.5566280715371278 0.44120487467381214
-0.5582721700480175 0.43870800729428
-0.5599542899550017 0.43668159159982045
-0.561626539645268 0.43564216189712407
-0.5632537787781121 0.4345919705787919
-0.5648675215997384 0.43279653734534634
-0.566498322768204 0.4306460508366295
-0.5681515661824462 0.42868318010191425
-0.5698071025626655 0.42730962655946997
-0.5714313650239234 0.4263253401241453
-0.5730246531921486 0.42489285097544705
-0.5746272068381411 0.42259239251824915
-0.5762719090744706 0.42039182722302215
-0.5779190724180294 0.41926314838302325
-0.5795182300519726 0.4184469901996606
-0.5810913029407225 0.4167416773794607
-0.5826895595417467 0.41443860643656866
-0.5843162942783161 0.4125673509773073
-0.5859365143913422 0.41133169468213177
-0.5875266225983592 0.41024464101345065
-0.5890939404322808 0.40877144196956544
-0.5906670926436952 0.40672855821676157
-0.5922698828075572 0.40458269140886444
-0.5938871889416035 0.4032112295973468
-0.5954654442631916 0.4024535216281494
-0.5970060179711101 0.40102391664510556
-0.5985643797411848 0.3987116454464424
-0.600162316203004 0.39667012252284034
-0.6017590878701592 0.39555402485936164
-0.6033143840147626 0.39459138528139404
-0.6048504342776558 0.3930204605600281
-0.6063976960839116 0.3910251597242048
-0.6079685684091143 0.38906631759645094
-0.6095492190938118 0.3876283733751279
-0.6111038291139066 0.38669755760075697
-0.6126222995032728 0.38547454028006106
-0.6141430836347547 0.3833690406042239
-0.6157055804092372 0.38118128513209276
-0.6172798040261712 0.3799447960578076
-0.6188118913537047 0.3791784341207311
-0.6203117751217121 0.3777094536487709
-0.6218296672244579 0.37559660483264234
-0.6233759031870801 0.3737144832947203
-0.624924986290799 0.37238872807055506
-0.6264489119682963 0.3713621937238063
-0.6279451456806627 0.37009377581660236
-0.6294400922216653 0.36822977658110156
-0.6309641963857497 0.3661052384267509
-0.6325109936553526 0.36465952541111074
-0.6340242283102051 0.36391914485397914
-0.6354961723794476 0.3626821642312216
-0.636978364367006 0.3605747355395947
-0.6384990445911559 0.35856488824148036
-0.6400258119850071 0.35735045635345175
-0.6415181987465794 0.35640573455993907
-0.6429870935295625 0.3550442428718586
-0.6444595941667555 0.35322664548538324
-0.6459552692398507 0.3512865484247255
-0.647467904869761 0.34978913986049026
-0.6489598766816375 0.34889702674679524
-0.6504112783273549 0.347818559748215
-0.6518611363507136 0.3458691260837727
-0.6533510225529757 0.34376307433560876
-0.6548568082803496 0.34248495320170824
-0.6563259604251371 0.3416978592759347
-0.6577624795723546 0.34036407071889807
-0.6592113202272342 0.33845543208922757
-0.6606848136241864 0.33662444199617436
-0.6621679879693757 0.33523682546107414
-0.663630843965696 0.3342443403915021
-0.6650629473862951 0.3331163900048575
-0.6664892768238284 0.3313600867783665
-0.6679468257808054 0.3292974673779649
-0.6694285407485102 0.3279065328039901
-0.6708771684535526 0.32716430634876154
-0.67228697088493 0.3259593917336016
-0.6737064867384754 0.324000228333366
-0.6751607475955884 0.3221375137410088
-0.6766201773558019 0.3209068683916725
-0.6780523219975334 0.31993252480142126
-0.6794604504933547 0.31868764633530444
-0.6808683477655901 0.3169810029386723
-0.6823005908131042 0.3150870962168734
-0.6837524030220032 0.313664993883033
-0.6851802647356044 0.31285392941911194
-0.6865672086951318 0.3117387995978153
-0.6879603982631111 0.3098203124519508
-0.6893917824826419 0.30791536933345753
-0.6908316283215651 0.30676000643171425
-0.6922352979859632 0.305895613710418
-0.6936155689124158 0.30454774874257834
-0.69500654577019 0.30278806978647016
-0.6964192653058319 0.3010515036844846
-0.697842626095934 0.2997361257805131
-0.6992428078246918 0.29882623560656973
-0.7006113002562749 0.29767893073421464
-0.7019821762684311 0.2958491318607334
-0.7033910553366852 0.2939705241763876
-0.70480891818693 0.2928565954087944
-0.7061870521642489 0.29205771678787396
-0.7075402491139067 0.2906674815300721
-0.7089130357551378 0.2888125355891877
-0.7103111036796788 0.28720488391004756
-0.7117067220053621 0.2860604540075129
-0.7130768543737541 0.2850846449213523
-0.714425287285564 0.2838041303992864
-0.7157815005191035 0.2820385959217904
-0.7171683269740227 0.28029454400164666
-0.718561254504554 0.27922348782018197
-0.7199133938262097 0.2784178287065045
-0.7212436200591896 0.27696851414451984
-0.7225996380649494 0.2750746881604976
-0.7239829699802811 0.2735810694078941
-0.7253520450583022 0.2726191560498307
-0.726690095317546 0.27157675656983127
-0.7280202489394642 0.2701218746043205
-0.7293651182991928 0.2684004832585619
-0.7307332048134458 0.266868134881699
-0.7320955602863574 0.26586956479418095
-0.7334219143816874 0.26495668679544765
-0.7347337754717489 0.2634205154426828
-0.7360770541905929 0.26155833197508915
-0.7374429680536336 0.26023544245456803
-0.7387828757772014 0.2593933019610741
-0.7400911704771368 0.25824371276959035
-0.7414058767986522 0.25661278806348703
-0.7427431459199156 0.2549800617652055
-0.7440902084978281 0.25370181163278455
-0.7454192123956042 0.2527542426704798
-0.7467199293857927 0.2516459622814227
-0.748021000941196 0.25001009295084475
-0.7493537643196726 0.24829178051873962
-0.7506973244407361 0.24718512260997436
-0.7520037421496997 0.24635896595859227
-0.7532884366170541 0.24501313680365958
-0.7545939305426977 0.2432839360442488
-0.7559231058397045 0.24183658101499672
-0.7572429788980791 0.2408078319418444
-0.7585371215846819 0.2397962805765353
-0.7598187393765005 0.23844256869437508
-0.7611151986280504 0.2367774262227381
-0.7624365135637828 0.2353297979532081
-0.7637479175195407 0.2344105396912416
-0.7650217791836657 0.23343228684992395
-0.7662926360640808 0.23185478020578476
-0.767595721312698 0.2301910641740572
-0.7689083515255739 0.22903984926999782
-0.7701929248006527 0.2281259798669738
-0.7714577608248758 0.22689360527995786
-0.7727316354124039 0.22534279217687897
-0.7740256240864322 0.22383175477396075
-0.7753250153429834 0.22270811443916222
-0.7765972562384468 0.22180162479841767
-0.777848232011253 0.22051370471007495
-0.7791183883462621 0.21883013590274908
-0.7804162790924416 0.21746032814293137
-0.7816962825044284 0.21657021875908
-0.7829447027278348 0.21549911781639305
-0.7841966089626211 0.21398837752908573
-0.7854715678469784 0.2124722135119002
-0.7867526760490382 0.21129160655250362
-0.7880149714628388 0.21033064002991037
-0.7892550867749749 0.20916992597042564
-0.7905015709515444 0.20761947434630915
-0.7917756546703872 0.20614051424574473
-0.7930482616683798 0.205155924732243
-0.7942853643892653 0.20420932636562733
-0.795515824083492 0.2027778094835907
-0.7967724511565453 0.20122678687978893
-0.7980395386102408 0.20004554677896189
-0.7992854443027999 0.19908514412127817
-0.8005126604316533 0.19792451689611895
-0.801744225730077 0.19646194841249132
-0.8029975864062019 0.19501478531649952
-0.8042542054947074 0.1939580484510328
-0.8054810739274773 0.19302453968201116
-0.806694436480274 0.19167360873102554
-0.8079335726449444 0.1901232105013163
-0.8091869079710979 0.1889487104128159
-0.8104162665825467 0.18801669454296066
-0.8116266297635456 0.18682957051978846
-0.8128472609123965 0.1853781552431479
-0.8140854672823848 0.18401945145846255
-0.8153224324645488 0.18297027248252812
-0.8165342183587336 0.18198431343180663
-0.8177357740885407 0.18064789695933434
-0.8189607348514727 0.17915364450958443
-0.8201986816985023 0.17802264802794468
-0.8214093506136293 0.1770979621871192
-0.8226038365698843 0.17585781871040215
-0.8238153487727635 0.17440522479607312
-0.8250416707133711 0.17315859505467798
-0.8262563019791531 0.17215780400976977
-0.8274504457415953 0.1710794840056823
-0.8286437086110354 0.16970942936392971
-0.8298591346443392 0.16832084961292265
-0.8310774547853423 0.16727826164051862
-0.8322671581670936 0.16630301390122676
-0.8334497217452049 0.16497544139072542
-0.8346558612659487 0.16357140836263556
-0.835867194054275 0.16246875023290122
-0.837057121380325 0.1614771939824384
-0.8382356998758496 0.16026592695099778
-0.8394257478835757 0.15888679113952092
-0.8406308671382148 0.1576651308236029
-0.8418238377074644 0.15669156691142364
-0.8429936737187061 0.15557814495292982
-0.8441727474973119 0.15418391654428337
-0.8453732084275137 0.15293320206588187
-0.8465607853655956 0.15195335301468854
-0.8477271792495261 0.15085377686106494
-0.8488996910254363 0.14952368133773564
-0.8500880321160195 0.14825450956969244
-0.8512733695707374 0.1472104040477079
-0.852438395980573 0.1461717248344158
-0.8535994170689704 0.14488376606289913
-0.854781142387833 0.1435720568375319
-0.8559636022890362 0.14253526124150928
-0.8571210643002329 0.14150886681835625
-0.858277766157386 0.14022682443116047
-0.8594526416098349 0.13894872783358386
-0.8606265097526467 0.137885955463508
-0.8617822159883495 0.13684799511726492
-0.8629327139852717 0.1356169094905549
-0.8640986000201217 0.13433046478147645
-0.8652694402595924 0.13325844312515187
-0.8664183587562332 0.13224219457377218
-0.8675623547684346 0.13099753531863664
-0.8687255534783427 0.12973494116664042
