0.9958660781558363 -0.022236918671819317
0.9958660812616633 -0.022482977394418055
0.9958660779363404 -0.022808615176700305
0.9958660771005603 -0.023220045409835376
0.9958660770673209 -0.023725605539943545
0.9958660829632932 -0.024336090684873198
0.995866080157614 -0.02506521542233119
0.9958660996731269 -0.025930232337182894
0.9958661038486921 -0.02695274625791751
0.9958661034172512 -0.02815977488591462
0.9958661065903754 -0.029585119145481804
0.9958661003359645 -0.0312711181358552
0.9958660971711737 -0.03327086964962645
0.9958660869832873 -0.0356509893643108
0.9958660875114016 -0.03849494626706521
0.9958660483244159 -0.04190693261982916
0.9958659670791367 -0.04601610561073288
0.9958660655944469 -0.050980969073884
0.9958660731499536 -0.05699406212484399
0.9958661397500361 -0.06428934252266993
0.9958662638018925 -0.07316256880520934
0.995866047423826 -0.08403913166396608
0.9958668277301356 -0.09769487565590528
0.9958669974660267 -0.11596428030467727
0.9958674255916912 -0.144165693927777
0.9958670422671616 -0.20066405635159001
0.9958666443466715 -0.358574360517695
0.9598042532680172 -0.9332510750655479
0.9402116121270296 -4.4747834576922045
0.9264791912536438 5.04475319533566
0.9153110940504763 1.875251348722716
0.9048634302477605 1.1339420996846816
0.8941506354447903 0.8288226117736338
0.8934689640567757 0.8010327540508905
0.8934688281446128 -0.9394447496260505
0.8934691581620045 -0.07545289509905313
0.8934696314632241 -0.021800466179104118
0.8934695010327971 -0.011216569414276584
0.893471068675838 -0.009981811177275533
0.8884908914801944 -0.014382291829870272
0.8830681839111933 -0.026398783258366285
0.8724058982605079 -0.0454620475402027
0.8556911743139866 -0.060493739730157994
0.8382876437070589 -0.0666729539824384
0.8188605786748517 -0.059902628896860946
0.8068342297935458 -0.05104256304405759
0.7977341171186867 -0.04883830723058213
0.7897534233857828 -0.0514809871955525
0.7833314886260665 -0.05655896666265331
0.7767740306858291 -0.0628237949640751
0.7700242701231395 -0.06979027616813659
0.7631707345699402 -0.07730813289455969
0.7561429332936362 -0.08535591101571147
0.7489324770925113 -0.09396913507141731
0.7415380683909253 -0.10321820220002137
0.7339848158316529 -0.11320385960912197
0.726228373884302 -0.12406048638808508
0.7182721503944908 -0.13596475045514744
0.7100679016639982 -0.14915009841686475
0.701641472271608 -0.16392949407742688
0.692907138760301 -0.1807313218839112
0.6839247626606904 -0.20015779758840174
0.6745408578325769 -0.22308413942233948
0.6648312310158238 -0.2508361001484492
0.6546705304835401 -0.28552829766828547
0.6440094266162582 -0.33075958614246964
0.6327519547437537 -0.3932804352718948
0.620193853218479 -0.48987526155161115
0.6047989168092573 -0.6880200118435069
0.5920947618779678 -1.2273114736435342
0.581494881836325 -3.1235328214334674
0.5690641152870561 -20.188027400487975
0.5363663567069694 6.786578187166112
0.49051282767833015 2.4719843318625903
0.45186070603574746 1.6123988869458536
0.4224859370770967 1.3301735532636032
0.3968943124671601 1.1945438212905901
0.37387946771415237 1.1104199593512596
0.35264923444682283 1.0503932892989816
0.33276787011076314 1.0040532915352844
0.31402643832277155 0.9665362964231418
0.29619564769357787 0.9352340184507978
0.2790887551181013 0.9086156390404172
0.2627042013291808 0.8857296138346132
0.2470055682154032 0.8659679879743482
0.23177416738360512 0.8489490656539018
0.21702289034920286 0.83446113606293
0.2027095069519027 0.8224416050603898
0.1888236150804491 0.8129789184401923
0.1752498833940147 0.8063308244310571
0.1620045556056945 0.8029556840402122
0.14904002385586845 0.8035539415893589
0.13640957496660566 0.8091093948094985
0.12391220787836521 0.8208837200780049
0.11170507902786653 0.840280948345842
0.09955042761508759 0.8703856610444274
0.08758975285964832 0.9391739398162803
0.07947080498519388 1.1052632526729944
0.0736915161293833 1.1671832525050656
0.06751041539469316 1.059005518316892
0.06065453499159379 0.9375317728600483
0.05279781177648557 0.8226313746198746
0.04131362412681139 0.6568169091264918
0.03279561247802609 0.4635809524891944
0.026282451648606875 0.33178838005024974
0.020836671925042682 0.25834357701996696
0.015899919562155862 0.21534617273295847
0.011359613079933939 0.18671260781175247
0.007142011254890668 0.16530228424987625
0.003181899285996881 0.14807041824362938
-0.0005656736431978171 0.13358947810910188
-0.004121870872617839 0.1210249114987079
-0.007521859861429059 0.10971127838263685
-0.010702707944854506 0.0988625487154945
-0.013748740273485938 0.08714397475825181
-0.016697314628618454 0.07224212015324359
-0.01948411895204827 0.053234268088294096
-0.02049852012999609 0.03670180887662511
-0.0204988335465226 0.028581323880031713
-0.020498907981232772 0.027745698932222285
-0.020498482071848123 0.03321939439473508
-0.020501236495316988 0.04647230355534261
-0.020498990622740854 0.07124727891438148
-0.02049906852559613 0.11343760400763114
-0.020499150777049335 0.18191423280720326
-0.020498849411629605 0.29405122645690235
-0.020498134076046615 0.499063340613495
-0.020498960913484465 0.9945338931375004
-0.020498149403708643 3.429991705336629
-0.020498542201009107 -11.942615730164945
-0.020501856821267594 238.25084822058827
-0.06389731635953266 3.3141244091214515
-0.0934444414494433 2.234674538962798
-0.11474154413661886 2.001390866928437
-0.1326066268079693 1.9124392465418314
-0.1486074268687434 1.8774502776026256
-0.1632919287825041 1.8710965139254045
-0.17690672812047636 1.8799202693368944
-0.18991948433958417 1.8945214658565528
-0.20227358554681008 1.9073008772523878
-0.2142458814201884 1.911517906527457
-0.22576198287839366 1.9011329852598757
-0.23689401886849737 1.8713535023357575
-0.24778509893920075 1.819709792262574
-0.2582588560803223 1.7471259585644656
-0.2685561806672967 1.6581505706180184
-0.2785292608536418 1.5598178637417193
-0.28837003797552274 1.4595623913018088
-0.2980269849650452 1.3633244864918062
-0.30765250717593684 1.2746710869377584
-0.31716348924754634 1.194883297699384
-0.3268344846448845 1.1233038739810985
-0.3367521517741965 1.056813206268213
-0.3471597414698733 0.9903218894474854
-0.3597495851415966 0.9357957762679744
-0.3717929338088912 0.9057164892787039
-0.3825090156486777 0.8805274912377237
-0.3925982246076771 0.8547362058400693
-0.40241282797005806 0.8286462781412983
-0.41194600633996914 0.8018081064495265
-0.4212719730437393 0.7736752657561546
