0.9988355896180584 -0.004114356491764846
0.9988358390813438 -0.00398272371171333
0.9988357125886422 -0.003883308103207561
0.998835743645814 -0.0038054337503685676
0.998835578296414 -0.0037438322658686907
0.9988356691343171 -0.003696344111272758
0.9988355059539953 -0.003663077934324193
0.9988355076350606 -0.0036465406752703143
0.9988355379367484 -0.003653021967497474
0.9988355119594683 -0.0036968346677619755
0.9988355068468352 -0.0038131340529648267
0.9988354317561657 -0.004100190394638337
0.9988332054833667 -0.004857478308027447
0.9976126320844416 -0.0068313608910043466
0.9908931232943561 -0.010752869989247812
0.9840832848962139 -0.016265497256333104
0.9771543842936792 -0.022654195537978507
0.9701366366087978 -0.029547413995866897
0.9630028205924632 -0.03680207981742244
0.9556422828603223 -0.04426453771646158
0.9478999713214279 -0.05142756338607722
0.9385026840304712 -0.057971658547752464
0.9312813425862655 -0.06498822981180868
0.9238321291883197 -0.0728491909232108
0.916266985361567 -0.08127629788222296
0.9084506056171606 -0.09014167171760383
0.9005364445678418 -0.09944201821830442
0.8924675668834195 -0.1092256389736924
0.8841449514493236 -0.1195677603634122
0.8757587427458084 -0.1305656064467207
0.8671390001517562 -0.14234071305992732
0.8583600433087311 -0.15504503028626893
0.8493990156117684 -0.16887044169733734
0.8401749912003749 -0.18406266704168317
0.8307591953589667 -0.20094161881678116
0.8210774149477743 -0.21993182738962375
0.8111998808605928 -0.2416092030954584
0.8009728809521718 -0.26677534080504867
0.7903519890209154 -0.29658026343493565
0.7796229922444894 -0.3327345282136991
0.7683878802387913 -0.37789513884489806
0.7566918439972549 -0.4364073609145226
0.7445693191134806 -0.5157889055955057
0.7318106140466794 -0.6294782508237403
0.718452066287209 -0.797875889299142
0.703487039876131 -1.0253053670048293
0.6659732159053042 -1.3445863286833433
0.6328636188216419 -2.1581175882957515
0.5941393547482652 -6.6882985747813235
0.5408469268300946 6.750876381813962
0.49516148376029756 2.803414412163984
0.45924556048952125 2.109415991049425
0.4276993678854695 1.839598443136111
0.3990494533311031 1.694836262578855
0.37247061025983885 1.6026193973755096
0.34757480346118785 1.5374160626537643
0.3239311575338568 1.4879206604726687
0.3014781515633519 1.4483251195184732
0.2799798205415789 1.4153207799510001
0.2593345798406612 1.3868850738713536
0.23938105413478872 1.3617008598550318
0.2201073783841231 1.3388730745147805
0.20139414842794046 1.317777050873641
0.18334926322853318 1.2979522787392994
0.16568658610883358 1.279035050478689
0.14855338056795753 1.2607432721657816
0.13178892343517568 1.242842301010635
0.11540728546473378 1.2251167253086872
0.09942908103507053 1.2073549747986496
0.08378737926081625 1.1893165602078266
0.06845429250351431 1.1707085378629987
0.05346357155706549 1.1511635383736682
0.03873932488017495 1.1301838925426122
0.024131748232952943 1.1070503412582011
0.010089032716690483 1.0807149161331921
-0.0037941487063244406 1.0497226949960357
-0.01739377262977948 1.012421092694473
-0.03074973047748064 0.9683562533609824
-0.04357636227307671 0.9228971456899107
-0.05400306821765155 0.8972528292578581
-0.06893268307972877 0.9158624168131602
-0.08269139545118054 0.953553832867216
-0.0959294499740766 0.9807241829453671
-0.10887040566152573 0.9935556980727827
-0.12156843661769612 0.996342709176592
-0.13411272323454737 0.9930382157688322
-0.14645262773213363 0.9861396880716188
-0.15861795802049006 0.9770974632367468
-0.17067416541896985 0.9667492546850204
-0.18255982144957006 0.95558870537616
-0.19431663797317555 0.9439143650321483
-0.2060290379230758 0.9319128099554296
-0.21753660290472276 0.9197015299444812
-0.22893839262884708 0.9073557662589752
-0.24027282296357266 0.8949229478258409
-0.25136654066798614 0.8824343913402494
-0.2626031146273746 0.8699139292652324
-0.27356348888782533 0.8573848861796377
-0.28451480541316854 0.8448764261104283
-0.2953384144890778 0.8324359157342389
-0.3060839117479477 0.8201174125674363
-0.3167198579766819 0.8071914320672691
-0.3272894746703521 0.7933835794135204
-0.33780905697458663 0.7803712447938482
-0.348249949527335 0.7677061052135454
-0.3586197851662234 0.755146552648166
-0.36896592730822 0.7426427656046374
-0.3791580657729261 0.7301721858039941
-0.38930921649068995 0.7177253274864934
-0.3994145902970663 0.7053011600163853
-0.4094246026303221 0.6929036889064644
-0.419475076324777 0.6805388117852512
-0.4293536358364063 0.668211598944988
-0.43924806789727344 0.6559250427649614
-0.4490689506446732 0.6436796267067965
-0.45883802397091 0.6314735710155882
-0.4685374841799057 0.6193036453647605
-0.4782120993546686 0.6071657200819592
-0.48782076951597064 0.5950548788609117
-0.4974435873828522 0.5829650585669324
-0.5070061721485182 0.570887646908868
-0.5164472359973196 0.5588078876574308
-0.5259003732682757 0.5466956509222465
-0.5353367337092934 0.5344869075746984
-0.5447040614649545 0.5221588540079474
-0.554033275594308 0.5105158535593044
-0.5633300322460506 0.5002487637224967
-0.572611690503837 0.4895387819915549
-0.5818489019037068 0.4784889142541293
-0.5910991810937203 0.4676039807954863
-0.6002920470466866 0.45708494563822794
-0.6094188896791224 0.4471317342728083
-0.6185852802605241 0.4380907468239901
-0.6276745565650925 0.43060277850256873
-0.6366765203908051 0.42574626837159335
-0.6456666250589445 0.4243335890066374
-0.6544241630896293 0.42202632492020664
-0.6648087319428269 0.4073068264281889
-0.6742370441570245 0.3841448629478496
-0.6834777720051808 0.36370533475389016
-0.6923652350737644 0.34723373606435715
-0.7016619990787316 0.33315720799232185
-0.7107108741020451 0.3203814802607224
-0.7197400670083085 0.30833688671733045
-0.7288442605222547 0.29673195684447257
-0.7378382733652025 0.2854110964975108
-0.746870909164695 0.27428681545083433
-0.7558795715582587 0.263308037741874
-0.7649171716177343 0.2524433250822355
-0.7739292551706314 0.24167172405581774
-0.7829168740949912 0.2309792885957358
-0.7919127225441118 0.2203559871135636
-0.8009172767110322 0.20979378789795966
-0.809917023985032 0.1992862658778783
-0.8189614112551828 0.18882733738201313
-0.8279479072084712 0.17841117939843082
-0.8370238331309243 0.16803168443890149
-0.845921361958075 0.1576826448524147
-0.8550152572773955 0.1473587413355189
-0.864084524180722 0.13705965151994498
-0.8731425258129009 0.12680433493035226
