0.9992346390067508 0.09568503774764948
0.9992346312114617 0.10447950415502721
0.9992346248477064 0.11482480737027091
0.9992346074876344 0.12717425918562786
0.999234641522742 0.1421764678715413
0.9992346420040228 0.16079247158302645
0.9992346380158802 0.18450841483614616
0.9992346378756378 0.21574892586568595
0.9992346344574723 0.2587532790351512
0.9992346335922861 0.32165720041947166
0.9992346265384953 0.42229129143053107
0.9992346219931663 0.6087146124218292
0.9992346145596042 1.0702605620943377
0.9992346049173016 4.09327343957417
0.9992345922125799 -2.3522763479492057
0.9992345774332584 -0.9337029579913111
0.9992345837349021 -0.5918500947873008
0.9992346314739559 -0.43931871483670204
0.9992346465809313 -0.3539794125466008
0.9992346465030513 -0.3004299127852778
0.9992346247309061 -0.26472349336432105
0.9992345927405523 -0.240402952946408
0.9992346492998387 -0.22430948045516552
0.9992345614178404 -0.21516962340597373
0.9992346141793811 -0.21341444008693766
0.9992346019042126 -0.222400517501547
0.9992343707222456 -0.2537912176242837
0.9992395336827457 -0.3514684286750536
0.9898925528150081 -0.7129161502340381
0.9437038162747908 -2.5112607924060195
0.9212200032952829 405.15237282396663
0.90422867430461 6.307693351082443
0.8900181015409677 3.8304771109736917
0.8776197999080667 2.7144673987766517
0.8663364233554138 2.012822781946135
0.8558728002021505 1.5352847003997183
0.8457244857599786 1.2014102658157322
0.8348109332083473 0.9835123357087981
0.8219104998028145 0.865590611289284
0.8164042477894533 0.703505792468197
0.8150872156075177 0.4133404163157581
0.8150864764983718 0.1924236178851597
0.8148489052465264 0.13752216282383956
0.8107762516155387 0.15424231738949049
0.8055314516533509 0.19814702935875844
0.7990624311122343 0.2739861993665855
0.791082680300158 0.40507294611933004
0.7809720713780615 0.5807370399236891
0.7658798288002717 0.6402639086519908
0.7555008663064515 0.5035699347488778
0.7477067134193236 0.33649254320793476
0.7414541297653983 0.2248492543507326
0.73622368416985 0.1916696827680915
0.7319334404503919 -0.2331985921072651
0.7282723929268919 -0.01974082950786721
0.7207656341754016 -0.01104912193215874
0.7130762857169839 -0.012148805895483217
0.7073293509924832 -0.01563957171024073
0.7018512907278884 -0.02014934912175123
0.6962171485545272 -0.02519068013633317
0.6905343614461794 -0.03058718612689
0.6846760583826875 -0.03628345946169159
0.678710713253331 -0.042271313907061375
0.6726231232324482 -0.04856511237471506
0.666343245485612 -0.055193628096200986
0.6599741314289056 -0.062197863921715967
0.6534270742604689 -0.06963155113466749
0.6467250045512045 -0.07756334586921
0.6398386056670111 -0.0860806013761028
0.6327130885278048 -0.09529506399264101
0.6254373368772248 -0.10535128032235624
0.6178922809804566 -0.11643912040558588
0.6100849345661936 -0.12881286532785713
0.6020296411639805 -0.142821230462692
0.5937029063604417 -0.1589564489597311
0.5849798102974241 -0.1779382435103859
0.5759176653842475 -0.2008649682327453
0.5662880123163958 -0.22949969294100603
0.5560600799914878 -0.2668334474232806
0.5449947861883122 -0.31833103676824653
0.5325382074714702 -0.3978881152174148
0.516461736354063 -0.5658571489437273
0.5040623773585253 -1.0345958751506794
0.4936707006875293 -3.2642225949868564
0.484423642816295 5.930424411968167
0.4737835217057955 2.2644504162497827
0.4387081201021371 1.5404247814656478
0.40028216494437374 1.162929503483559
0.37449688988957097 0.9898964314636618
0.35259250918177865 0.8953406353575084
0.3328558368354517 0.8322060758600065
0.31467985671259546 0.7854056829222003
0.2976597214743817 0.7489106910082913
0.28155430016560934 0.7197405628296383
0.2661416975587131 0.6962063120978985
0.25138141509956424 0.6772740945057176
0.23714188820498927 0.6622992577409816
0.22329519972650902 0.6509125329097397
0.2098476757564457 0.6429774200446549
0.19673769417013143 0.6385808971243666
0.18386987724041692 0.6380293006675456
0.1712467646495942 0.6417922727590254
0.15880710841081846 0.6502518112694403
0.1464667958684771 0.6637972887298171
0.13421760699071583 0.6962334619454128
0.12309524322554855 0.8630011445329633
0.11787053801617842 1.3228079288923562
0.11222198127448735 1.5501677656026709
0.1061008541137326 1.4320288396018601
0.09930209495096087 1.2959882251478756
0.09166426464278243 1.2106790280846735
0.08261625524674365 1.1425297051014593
0.06980688971642246 0.9820293584214114
0.056910331752851206 0.7054974442554341
0.047757205616082876 0.4783169786693521
0.0400178505300578 0.34684992344246035
0.03299665749390246 0.27346365585793136
0.0265625912522649 0.22954900603684036
0.02061521444127301 0.20031909036049647
0.014914966830876564 0.1779297370008478
0.009520619190868662 0.1572603957030555
0.004371522872736677 0.13338766404903646
-0.00050248488097826 0.10204945381950631
-0.004375892319481434 0.06862865510979653
-0.004375360428085395 0.045751880123137745
-0.004375325192466306 0.033656022225406854
-0.004375306476514629 0.027301495192922343
-0.004375287864247124 0.023704694270246393
-0.004375378365574445 0.021503712959280465
-0.004375379467157492 0.02006193827876897
-0.004375414239022879 0.019060404495726803
-0.004375379703154492 0.018328619525423768
-0.004375357100933064 0.0177705563073777
-0.004375312222198113 0.01732984326152308
-0.0043754737924746046 0.01697227124915047
-0.004375433364947945 0.01667650433307688
-0.004375396502235729 0.016428921827230058
-0.004375288651851994 0.01622064962096087
-0.004375290507448781 0.016045801343833346
-0.00437529216280419 0.015900411539135385
-0.004375293867290964 0.015781776079402492
-0.004375295454221773 0.01568803801020319
-0.004375313317249496 0.015617924325087159
-0.004375297089544983 0.015570577206459513
-0.004375287178078002 0.015545445335150142
-0.00437528214547922 0.015542213972323566
-0.004375269086975608 0.015560760450099397
-0.004375269242347324 0.015601126594699977
-0.004375270673099285 0.015663502664556586
-0.004375281410431864 0.015748219328033265
-0.0043752829951557715 0.01585574545680043
-0.004375282315593809 0.015986690330030993
-0.004375282926963653 0.016141809391287402
-0.004375284922644385 0.016322013074496627
-0.004375289124321169 0.0165283784817969
-0.004375293215147069 0.016762163895937366
-0.004375299100789043 0.01702482627119131
-0.004375300847943464 0.01731804198875143
-0.004375299086351037 0.01764373129957523
-0.004375302633381262 0.018004087021082076
-0.004375300564615436 0.018401608214172933
