0.996848758760039 -0.005131851558310719
0.9968487605917429 -0.004846638621280348
0.9968487496354714 -0.004637760317204189
0.9968487529389485 -0.004477567538727744
0.9968487788902891 -0.0043503707958323645
0.9968489117042713 -0.004246895443792887
0.9968487231441289 -0.004161556234355355
0.996848791587559 -0.004091051409224926
0.9968486339731139 -0.004033633493761039
0.9968487276935251 -0.003988778538111155
0.996848575106861 -0.003957164866112594
0.9968485756921207 -0.003941032416310262
0.9968485750180552 -0.00394526946445682
0.9968486274916623 -0.003980317529604159
0.9968485534290129 -0.004070435468839802
0.996848632238698 -0.004279873917196811
0.9968487429758323 -0.004801933542492591
0.9968480101499069 -0.00620625925271289
0.9919030539187481 -0.009507411112772748
0.984852496682285 -0.015028131864862867
0.9775646843557941 -0.022137852879502457
0.9698642274647856 -0.03007681815388361
0.9603916199851901 -0.03698155228646599
0.9453110922298715 -0.04074265112661425
0.9392786468467461 -0.04463758518514856
0.9326414485187701 -0.050641534357189745
0.9257084978959671 -0.05789098800452592
0.9185340686388936 -0.06578114360903096
0.9111942968666806 -0.07410613080815101
0.9036561881178705 -0.08282230885824952
0.8959930956900757 -0.09194979941308805
0.8881529153740334 -0.10153981114055775
0.8801127020378995 -0.1116649594634715
0.8718893541666666 -0.12241814108066049
0.8634978108476523 -0.13391536918664643
0.8549756065196601 -0.14630121081984968
0.8461900315070935 -0.15975654627089697
0.8371853666168183 -0.17450848722743492
0.8279898955798501 -0.19084118739481779
0.8185725412696645 -0.20910177194874072
0.8087836413474525 -0.22967984827405388
0.7987477291429261 -0.25288522916263134
0.7883236762772778 -0.27847588196438416
0.7775111868289895 -0.3042261589648794
0.7660548143434852 -0.3242403939509308
0.7478861208643974 -0.33983782717257593
0.732564578743113 -0.3791081772941115
0.720791912231769 -0.46065660002463044
0.7082070561837074 -0.593246944333007
0.6946201229384228 -0.8155999383537305
0.6770757017212194 -1.1734911792277485
0.6450486497012765 -1.7592490037781472
0.6094537946804484 -3.5219254658781196
0.567314772049287 51.715371627479556
0.5124645526859714 3.5436482393300937
0.4733848958808309 2.248304975985954
0.4404998610317532 1.8633172605187425
0.41108898644998904 1.6822376146379372
0.38400473910213484 1.574872955828568
0.35882590809568404 1.5021096467440376
0.33506647438482573 1.4482940457712257
0.31253751720442513 1.405897530172094
0.29102469198119485 1.3708251227582142
0.270432432674072 1.3406436147537548
0.25059167618987555 1.31381024852446
0.2314481578338533 1.2892919280687978
0.2129136036716559 1.2663593123621601
0.19501011471627172 1.2444842141605246
0.17762766463701907 1.223255234228947
0.16064338456840932 1.202336843766675
0.1441200419780857 1.18144977656669
0.1280484343211581 1.1603418695010115
0.11232814158075144 1.1387644611560948
0.09700110844491772 1.1164718272807708
0.08202022737842929 1.0932210187497882
0.06736992470035419 1.0687535705586224
0.05302218302603756 1.0428174742334606
0.03902453374432757 1.0152093586107511
0.025296932453212406 0.9858415360161874
0.011910812937603543 0.9548493649825966
-0.0011030678045966802 0.9225314590230973
-0.013754135476087503 0.8880712281075277
-0.026012354951365557 0.8437849510617808
-0.03612093871948874 0.7710624715664697
-0.0423045609472823 0.6933718938692651
-0.04559480988186304 0.70086438360358
-0.0704210409024697 0.7869261545023903
-0.08583165070846599 0.8702738861245464
-0.09996684940516865 0.9264104339101159
-0.11338823149064492 0.9609194314016561
-0.12650962958088674 0.9805912002703975
-0.1392238335719056 0.9901264142077592
-0.15172546580160784 0.9927284288018089
-0.16401305758753537 0.9905986518309454
-0.17607737939404333 0.9852437731820783
-0.18801531564893015 0.9777053125049
-0.19976273538942624 0.9687092191162504
-0.21140623157879057 0.9587625457665586
-0.2228818963792898 0.948225263733051
-0.23423399794352773 0.9373630045582126
-0.24539046679691112 0.9263788155123259
-0.25665044725608 0.9154204334921336
-0.2676447863054905 0.9045412614539635
-0.27861570004906566 0.8936030631490212
-0.2894099744065697 0.8822679387757201
-0.299832892939093 0.8698737888450604
-0.3101301053074301 0.852484727715507
-0.32024686386267565 0.8260959818575279
-0.33122859570686014 0.8039532122216971
-0.34180536284268226 0.7885528635289409
-0.35212628670111235 0.774764454600989
-0.36243797097164254 0.761506525331931
-0.3726346667597835 0.7485022460354956
-0.3827924072338511 0.7356155444355762
-0.39283110216460937 0.7227812616288991
-0.4028375592375204 0.7099675275273273
-0.4127480161995436 0.6971568758110415
-0.4226107379616315 0.6843375809528742
-0.4324155488001926 0.6714993500305657
-0.4421155196358808 0.6586309120473263
-0.4518187342508555 0.6457182058417925
-0.46149862122546814 0.6327425549325341
-0.4710880790019918 0.6196786305321949
-0.4806421863283057 0.606491596190559
-0.49014046063332417 0.5931321982610779
-0.4995992945934844 0.5795271904954088
-0.5089882661699723 0.565557728320586
-0.518391239147914 0.5510038858498572
-0.5276665964182534 0.5354047688336935
-0.5369703929204008 0.5180035948843149
-0.5462168410531669 0.5008918252285995
-0.5547258565467053 0.49497937179610313
-0.5644302003298793 0.4926942136853146
-0.5736731191953182 0.4834133836077514
-0.5829116770191534 0.471821975942917
-0.5920124022091862 0.46014731445358353
-0.6011106830094028 0.44873120978824116
-0.6101458333535525 0.43760739481754984
-0.6191574898975196 0.42680208101258893
-0.6281265277885584 0.41638002884839476
-0.637059033399215 0.40646407942558965
-0.6459403572213278 0.3972675694799961
-0.6547917911336909 0.38915536077301094
-0.6635694541518313 0.38274629111091996
-0.6723524342031393 0.3790211738242946
-0.680954742188749 0.379081625444679
-0.6894342842930279 0.38221658382888846
-0.6981799988687476 0.38152829600533317
-0.7113486989924149 0.36476401362337335
-0.7213206240331109 0.3361764837615124
-0.7307200243422618 0.3105370250417849
-0.7399315955885444 0.29052603130733085
-0.7490072577016338 0.2742499909477695
-0.7580930361318798 0.2601260860021259
-0.7671091059008572 0.2472523046325749
-0.7760980372579775 0.2351375398881059
-0.7850750144162373 0.22350876348133522
-0.7940494178124382 0.21220795105986304
-0.802989608106929 0.20113927426070596
-0.811937303244693 0.19024228886319275
-0.8208748842132811 0.17947691479284683
