0.9999992792405095 -0.003622286376508782
0.9999991204227646 -0.0035975372050871487
0.9999991211757034 -0.0035849638379038796
0.9999991401831172 -0.00359058197085521
0.9999991771993204 -0.003626339099664069
0.9999991227817137 -0.0037194184015555613
0.9999990346350095 -0.003941843336947222
0.9999968558998202 -0.0045097978897283945
0.9999987991249588 -0.006023170705141891
0.9939863918949087 -0.009336734574809312
0.9872445494955578 -0.014400779059111697
0.9804322429086507 -0.020467179901155614
0.9734473595799764 -0.027046313115009095
0.9663913234126398 -0.03393774857709124
0.9592860042087502 -0.04107007904749329
0.9519913734382704 -0.048424250216101694
0.9446619492896272 -0.056004831233032196
0.9371669565786952 -0.06382925099447567
0.9295753708268086 -0.0719237765846652
0.9218443253568432 -0.08032287113931987
0.9140176047162268 -0.08906934760618342
0.9060242874688751 -0.09821458519023657
0.8978553167224589 -0.1078206566764346
0.8895508137084822 -0.11796295703081541
0.881146568911275 -0.12873355144787535
0.8725437877589628 -0.14024577525042403
0.8621262116467405 -0.1526405779600712
0.8547279569920619 -0.166095368634903
0.8455360741246831 -0.1808365658868139
0.836105885638551 -0.19715779346187168
0.8264885722053641 -0.21544694125198244
0.8165653648820449 -0.23622762800223224
0.8064310463744826 -0.26022499745238464
0.7959564796096608 -0.2884745805074154
0.7851643996024434 -0.32251171310076876
0.7740243563984059 -0.3647219237152946
0.7624501407774795 -0.4190385159126878
0.7503913003237688 -0.4924474651501979
0.7378433921227181 -0.5983844749522407
0.7246599276664154 -0.7628160760649781
0.7107144794412477 -1.0200909964793323
0.6806196779061787 -1.4077224210290125
0.6464588224247174 -2.1860799135006723
0.6080884468758991 -5.369504153407579
0.5602477206873412 10.78776119057797
0.5072597158380452 3.2089664669922953
0.46943878353769863 2.26803285487321
0.43672256479711524 1.9342379457417342
0.40711644409894043 1.7631675470476886
0.3798843944314536 1.6570643614647078
0.3543568996342844 1.583426543399978
0.3302235058371312 1.5283726061894773
0.30731380473003567 1.4849381147920484
0.2853622909012141 1.4492246985723067
0.26435297607045605 1.4188735260501157
0.24407914002515085 1.392381416887579
0.22443794456163735 1.3687334033277248
0.205478800489028 1.3472242463888597
0.18708220485165383 1.3273584518937809
0.16918367750853303 1.3087807441161754
0.15170784253562786 1.2912138917382383
0.13469298140625707 1.2744460681338736
0.11808526449435519 1.258320531850183
0.10181367095211158 1.242711093846546
0.08591804849105511 1.2275191705813975
0.07032921435436601 1.2126746700429343
0.05493545183267623 1.1981233891411993
0.040157530698928245 1.1838163792543543
0.02531194216016308 1.169710036341397
0.010803365191932923 1.1557676156154164
-0.0033926695317409994 1.1419605125126544
-0.01743101184016216 1.1282653901682296
-0.031224438197001048 1.1146617301035735
-0.044855299365738954 1.1011358169225802
-0.05827599017972962 1.0877065326931759
-0.07142838839350607 1.074406632865144
-0.0845255647205041 1.0611839827043412
-0.09740811932956506 1.0480032070149954
-0.11012020015077062 1.0348639752049924
-0.12268611795647377 1.021765937178337
-0.13509767697931951 1.0087035509891027
-0.14736550087888012 0.9956673134475336
-0.1595306117180295 0.9826472433531951
-0.1715200053879331 0.969634826833
-0.18339508881856825 0.956627732336868
-0.1951613077793155 0.9436308331781043
-0.20680974560886778 0.9306572194989858
-0.2183605471954 0.9177242419089288
-0.2297637851282639 0.9048479230468336
-0.24111864482058554 0.8920366586086681
-0.2522903553426368 0.8792862603335218
-0.2634828992868081 0.8665810286192828
-0.2744705715479707 0.8538978680938822
-0.28539463683502064 0.841215749956551
-0.2962721067588385 0.8285231254815657
-0.3070538076556688 0.8158227041173185
-0.31776843612028505 0.8031300740476354
-0.32835178536010057 0.7904668983723661
-0.3387348466817488 0.7778531510265747
-0.3493077706656782 0.7652996234410852
-0.3597350061523892 0.7528059506116577
-0.3700736565133138 0.7403625034208179
-0.38034080032450457 0.7279554806033774
-0.39055291471876274 0.7155729513769558
-0.4006694423505426 0.7032082641834689
-0.4107338814372139 0.6908613882092808
-0.4207899825039121 0.678537402227772
-0.4307403172862172 0.6662435666944357
-0.4405984381070953 0.6539869246933334
-0.45044506820286956 0.641772416987414
-0.46031873464851714 0.6296023491182822
-0.4700668323576349 0.6174769780499543
-0.4797743328986559 0.6053952736752728
-0.48944023039940143 0.5933558107357944
-0.49905609695129693 0.5813574836473138
-0.5086348389451356 0.5693997383908407
-0.5181942571161693 0.5574825755975275
-0.5276939862751144 0.5456064705008996
-0.5371540039751599 0.5337721905415934
-0.5466163687297734 0.5219806201142382
-0.5560008514888224 0.5102326803423602
-0.5653671458941294 0.49852931797792704
-0.5746992408005855 0.4868715487759948
-0.5840441185575289 0.47526059278911303
-0.5932972910062018 0.4636980679427815
-0.6025464821616684 0.4521853614267709
-0.6117992047962928 0.4407183071408035
-0.6209856387570412 0.4292872461303814
-0.6302213161796344 0.4178998494241862
-0.6393286947499883 0.4065645784750577
-0.6485702481790714 0.39528141665728234
-0.6576374165402599 0.3840493959935896
-0.666744957707101 0.37286818283451434
-0.6758599485308736 0.3617378613242245
-0.6849430631464455 0.35065867089054503
-0.6939807350080409 0.3396308046988913
-0.7030742058154513 0.32865434730834625
-0.7120979002457246 0.31772945702296956
-0.7211771332344299 0.3068566011740055
-0.7302267557193809 0.29603634283422703
-0.7391375208896633 0.2852687531549064
-0.7482705300136885 0.27455355417582367
-0.757258703232901 0.2638910022290561
-0.7663440056291582 0.2532814955640025
-0.7754159161134264 0.24272468317451437
-0.7843966231816424 0.2322204841538642
-0.7934705945064675 0.22176893862028485
-0.8025322097096577 0.2113695668467499
-0.8115864075074497 0.20102217005873607
-0.8206814079617377 0.1907261770751375
-0.8297439837068075 0.1804810586101161
-0.8388561742092944 0.17028606412307634
-0.8480248190414539 0.16014044552326107
-0.8571322751903905 0.1500435588557181
-0.866258841763951 0.13999477160588408
-0.8754805604937728 0.1299914669071153
-0.8846944984076948 0.12003054707218368
-0.89394783497572 0.11011103948560005
-0.9032666616942922 0.10023175220905522
-0.9125658427271897 0.09039122522824657
-0.9219414127697168 0.08058857403014494
