0.9943450332010153 -0.0075670712270366845
0.9943450278420439 -0.007281628073070763
0.9943450217441131 -0.007061167470602689
0.9943450183488537 -0.006889906432285226
0.9943450454998868 -0.006757536669467696
0.9943451082957055 -0.006657327749654012
0.9943451187506426 -0.006585022388849421
0.9943451396267291 -0.00653819243842178
0.9943450640387937 -0.006515883579821511
0.9943450408297249 -0.006518461492332203
0.9943450386135901 -0.006547622928817516
0.994344796493143 -0.006606572398162829
0.9943444583827091 -0.006700402431968537
0.9943445113728189 -0.006836766013652849
0.9943449235583163 -0.007027013796836537
0.9943450590590646 -0.007288124885010152
0.9943450928543388 -0.007646071105987452
0.9943449052508512 -0.008141910813696586
0.9943449830866832 -0.00884336712719721
0.9943449893193859 -0.009868055309964551
0.9943451739068108 -0.011432783957887386
0.9943456366198027 -0.013962961130195144
0.9943452821997808 -0.018330519112251024
0.9943446565885583 -0.026201080386876355
0.9943440089353764 -0.03875497776336823
0.9683224327077714 -0.04541983652788579
0.9522049416903585 -0.03119081305876616
0.941404664901405 -0.019608311967328443
0.9362751802105647 -0.018169170336891024
0.9307236576662196 -0.02132342561796691
0.9249304020858673 -0.026284317089374894
0.9188522692297798 -0.03213780822748766
0.9126065482801696 -0.038565018857221106
0.9060880025467787 -0.04544558840120105
0.8994219887203431 -0.052741265991003726
0.8926389323201912 -0.06045830966775541
0.8856314496835047 -0.06863600943003591
0.8784268225481624 -0.07734732229429768
0.8710606902389604 -0.08670950045889657
0.8634511967213945 -0.09690947312546688
0.8556616021334698 -0.10825679354792207
0.8476305877208984 -0.12124793462679287
0.8391367371746624 -0.13588601037317036
0.8216723178972922 -0.14605085716078414
0.8023303905843879 -0.14491095620595948
0.788748565891244 -0.14701455777223976
0.780265024980276 -0.1578884013366256
0.7715288896804698 -0.17382257164515136
0.7624443578252598 -0.19271517727445972
0.7531240500694245 -0.21438212141334315
0.7434602508691585 -0.23948797614174056
0.7334010167968434 -0.2692628000409479
0.7230243722994222 -0.3056601440501191
0.7121492189346728 -0.3518791611133224
0.7007955277500771 -0.4135800535903232
0.688831995009846 -0.5022053292185787
0.6758364604915517 -0.648930909774334
0.6612318069772772 -0.9586272413194334
0.6496727067387629 -1.5813600663270408
0.6234526963680456 -2.5451927090142257
0.588895726846066 -6.381651317569116
0.5469959358091433 7.7393973387224415
0.4952592554705114 2.624693879653845
0.45928082794925296 1.8704511095134033
0.4287781406636272 1.6039091566739239
0.4014344913176834 1.4669838954601018
0.37629201501075993 1.3804917134718604
0.3528687793145281 1.3187087020328014
0.3311001810806452 1.2708478979157354
0.3099356836353596 1.231556053754035
0.2899774771680246 1.1978588009905773
0.270894722240117 1.167969292859889
0.2525338871657512 1.1407542852900756
0.23481200074904784 1.1154681197774396
0.2176635769275631 1.091610439785774
0.2012195933337927 1.0688462378851475
0.18504805703743255 1.0469586086544507
0.16949721922433703 1.0258242061238891
0.15429826327459817 1.0054001026557973
0.13954744078677195 0.9857258488528513
0.12513818815615918 0.9669353665964018
0.1111829528491064 0.9492870767470338
0.09745264468499437 0.9332134841763298
0.08414154475329438 0.9193970796075651
0.07111145625623383 0.9088667853384468
0.058387685992862814 0.9030641455326658
0.045870367931506006 0.9036485476332301
0.03374527051047593 0.9112453671160743
0.021810892126690407 0.9223713023525558
0.011957590296709952 0.9211816232632825
0.005468439833660854 0.8404703472043119
-0.002011804523759153 0.6713862052215077
-0.0099254837637619 0.48819599929674945
-0.01451307780226574 0.35032406478859307
-0.018310392831905276 0.2638658141313694
-0.02170673460194572 0.21672422593321541
-0.024796208203500925 0.20024407701251667
-0.027579018735720107 0.2200146376923352
-0.03018011635416995 0.3105161648323091
-0.06131585188218103 0.5028127462375169
-0.08439670755121509 0.7178206314213373
-0.10229477467986747 0.8805748890078517
-0.11819744372930097 0.9923908176659442
-0.13293929634564372 1.0701885807029627
-0.14691111967502835 1.1257107276573013
-0.16028214896902115 1.165867980708281
-0.17326978471438315 1.1946549202965582
-0.18574210139160896 1.2141457096902508
-0.19796486644019207 1.2249884972549676
-0.20995085810492875 1.2274363946324838
-0.2211798324454448 1.2195057084409848
-0.23177794877126057 1.2020437308990544
-0.24230568619849024 1.1841822624177862
-0.25281784020968634 1.1678991502180012
-0.2631334896171851 1.151624280207474
-0.2733980079450269 1.1326205242360934
-0.28348150300925234 1.1067277860947355
-0.29337893515764546 1.0701533230044638
-0.30307405761581596 1.0238490834661653
-0.31275458821610114 0.9733672108244575
-0.32264297693808497 0.9227873796327415
-0.333199515462556 0.876361505136113
-0.34508205396906444 0.8459182049032108
-0.35584119727685826 0.8260407813122574
-0.3661323258872389 0.8086019855708512
-0.37626456615683757 0.7925415790949463
-0.3863156496507738 0.7771993987639957
-0.3961654848907057 0.7620745825678734
-0.40604255520323473 0.7468814187577069
-0.4157015137344715 0.7314589800916556
-0.42531253678506387 0.7157037478420961
-0.4348462147915888 0.6995328003771989
-0.4443186985637231 0.6828636467558605
-0.45373949016157833 0.6656013605439484
-0.4631067497366017 0.6476276370517782
-0.4724131573847816 0.6287877351098645
-0.4816431274877011 0.6088699536215998
-0.4908034343874479 0.5875661587135457
-0.4999377248199519 0.5643821810608015
-0.5090156832893711 0.5384079458864228
-0.5179948312644196 0.507768198634588
-0.526938771524686 0.46979152762373355
-0.5356828386818235 0.433755435751858
-0.5427305232619737 0.43878311186458246
-0.5523878962300393 0.4757829647382162
-0.5622823614221533 0.4862735902061908
-0.5716230440035139 0.4747650444026425
-0.5807590605111352 0.45963785058540385
-0.5897514771568808 0.44509126026148826
-0.5987359448139522 0.4313491048381546
-0.6075936501059349 0.41819063613770013
-0.616437791215493 0.40544101404144206
-0.625199805961824 0.3929923332868142
-0.6339258770529019 0.3807803121871858
-0.6425735872263885 0.36876714319079507
-0.6512610888075994 0.3569319293473933
-0.6598570592257342 0.3452657424905093
-0.6684195586216326 0.3337691817803498
-0.6769492437162672 0.3224517496474946
-0.6854120719931944 0.3113335736298905
-0.693837996495323 0.3004497318492282
