0.9945066823065807 -0.01196764853981372
0.9945066788558241 -0.01189088805097793
0.9945066785798622 -0.011861933809375952
0.9945066492764231 -0.011878852150236631
0.9945066466172606 -0.011941510077168434
0.9945066427766158 -0.012051471898141906
0.9945066384880141 -0.01221204417828045
0.9945066295418776 -0.012428467675769892
0.9945066244950841 -0.012708276620065899
0.9945066775788798 -0.013061870506280483
0.9945066761424445 -0.013503377005418569
0.9945066764056937 -0.014051934307357941
0.9945066873433516 -0.014733599399082057
0.9945066877402988 -0.015584215870731123
0.9945066834585116 -0.016653785995466405
0.9945066613715686 -0.018013248056259423
0.9945065326539637 -0.019765166737139718
0.9945063865990179 -0.022060882149406373
0.9945062869775937 -0.025128437373516666
0.9945068351597295 -0.029318672775746145
0.9945074749357962 -0.035182670164950476
0.9945069654385885 -0.043608495207583683
0.9945066738098942 -0.05610389435959202
0.9945065712028264 -0.07560981277499593
0.9945068449986305 -0.1097692219273272
0.9945058170568011 -0.1854565025317117
0.9719023299956737 -0.4036579475068233
0.9509408186240097 -1.1568380047458857
0.9382923752121386 -7.3568278375477725
0.9276071013995836 -23.71392939123846
0.921246746691667 -0.28126932920098024
0.9212471309304322 -0.027872437312869723
0.9212447367947073 -0.008832712236463166
0.9169282685798025 -0.008190640488398257
0.9115894836345282 -0.011054137047502119
0.906094786427705 -0.015301244551745245
0.9004135538829224 -0.02032699037794566
0.8945524985621487 -0.025970693645659158
0.8885970519676588 -0.03232627031002916
0.8823894676287396 -0.03989248826403464
0.8760883527917094 -0.05021421306921933
0.8695665270529112 -0.06585813377704153
0.8505515974659295 -0.08260256308947841
0.8294750445826671 -0.08956520969642925
0.8140402715843809 -0.08561489932016493
0.803240405713258 -0.08354235745990528
0.7956646342815414 -0.08752095915352769
0.7883464366310969 -0.09474412882823724
0.780874327219969 -0.1035368474997161
0.7732851375422654 -0.11336104143500378
0.7654546813347575 -0.12412235319590981
0.7574364400454149 -0.13589811807113733
0.749156225943401 -0.14885977710456288
0.74067052261788 -0.16326110592559515
0.7319146882431249 -0.17945454033960126
0.7228936060928777 -0.19792922563671717
0.7136428268265875 -0.21937800136780075
0.7039506886112696 -0.2448138970802716
0.6939383260703538 -0.2757814790078274
0.6834579388348712 -0.31476612398399284
0.6725203216640572 -0.36606104921131427
0.6608981901950421 -0.43797378171498824
0.648303133708034 -0.5521469535811951
0.6331153643133409 -0.7932273565119572
0.6208826664101212 -1.4271881190888878
0.610472810620847 -3.016785192917249
0.5836641522787658 -7.6461020278556235
0.5476856665855417 9.60635598938192
0.4974965066299204 2.6651376325940648
0.45997125784763027 1.7547788770252248
0.42973318308256747 1.4631005365222391
0.40324592820531047 1.321682232052563
0.37906233277384527 1.234088912929243
0.35670982937035856 1.1717746987273492
0.33575262932300576 1.1235767119347975
0.31595982503925946 1.0842029351053168
0.2970284902600856 1.050804608805776
0.2790703047661668 1.0217144584855637
0.2617742611031274 0.9959028047070914
0.24508838831695534 0.9727147366485568
0.22905638246305615 0.9517330888264723
0.2135215713769647 0.9327049170752835
0.19845479399688992 0.9155042595337912
0.1837789940688337 0.9001188085237122
0.16957131158394056 0.8866550103432798
0.1557454913027172 0.8753594004229346
0.1422156343757125 0.8666555509168429
0.12905689130672016 0.8611958013226656
0.1161027530931601 0.8599222951954671
0.10348794626230018 0.8641127991981816
0.09106782296729254 0.8753192508504272
0.07890728107499834 0.895032676713457
0.06699420424166302 0.9265521660081354
0.05500284163623281 0.9919518638554639
0.049035704987683504 1.051076872606839
0.042822246198192304 0.9668781992214659
0.03590251549563117 0.824022815182456
0.027479479557560693 0.6628525813609916
0.01785923666782585 0.48033464734837333
0.011854775031427733 0.34244107875565877
0.006912035651964299 0.26217769148468123
0.002542106698890545 0.21318846889542664
-0.0013583137574852966 0.17952468144603567
-0.005016244441724771 0.15477518847127827
-0.008440300095665654 0.13597567931816534
-0.011582170263239044 0.12137216445190754
-0.014610337313472721 0.10984716566595101
-0.017405570612456955 0.10073232707969866
-0.020050940028022435 0.09373850257446055
-0.022604660163249024 0.08901876511041067
-0.024809656459905627 0.08755501460805551
-0.027232630932650936 0.09274816444630209
-0.0293267455856856 0.11867475660598752
-0.03134656307716077 0.2529646613144555
-0.055285471971676436 0.9925829579618957
-0.08811028262410092 1.7588150285599269
-0.10887377301148371 1.7723117617082058
-0.12588553016958182 1.7038108845654167
-0.14104805136102994 1.6544704122568354
-0.1549540640360041 1.624498473733409
-0.16807964203240333 1.6070065179630255
-0.18055780968156676 1.5965708012172601
-0.19257993881280044 1.5894646695716268
-0.2042456734755418 1.5830179143554857
-0.2155661274576024 1.5750442243472274
-0.2266421216957606 1.5634062860145332
-0.23748010290005084 1.545710650978183
-0.24811552971208095 1.519221786825191
-0.25849100244113155 1.4812341925718444
-0.26863036781506855 1.4301231874992264
-0.27861067262617145 1.366776507384786
-0.2883875369369615 1.2951646020278367
-0.29801106433169156 1.22105545879962
-0.30757822932371526 1.1495856209053972
-0.3171561661414626 1.0835251417279428
-0.3269837975505867 1.022639567317652
-0.3371340151342799 0.9641278714174077
-0.3483878764506372 0.9124093465678932
-0.36081467105595433 0.8814012461012891
-0.3716521132542776 0.858934639258881
-0.38193093440374115 0.8376552563882369
-0.39194004143075656 0.8173437962333489
-0.4016905073320147 0.7974052254914978
-0.4112836481108917 0.777246763029801
-0.42080220431671966 0.7564591824002177
-0.43015116399490205 0.7347572090181607
-0.43941662260319037 0.7119153865463652
-0.44863417641923653 0.6877261673851244
-0.45769966351113145 0.661971411193026
-0.4667384782487318 0.6343963456347085
-0.4756441430184426 0.604672419421026
-0.484537713934015 0.5723208918768238
-0.49329731868149573 0.5365194275514092
-0.5020457460809713 0.49559855878271375
-0.5107134905897623 0.44645792448373767
-0.5193334564052077 0.3915894965285972
-0.5261886865245979 0.36621571847681283
-0.5333759055696026 0.4043515320687737
-0.5428337495290732 0.47020101327169417
-0.5538957956182025 0.49266883705989584
-0.5634459264968263 0.4779416480858765
