0.9863345440414661 -0.03145844708454612
0.9854691995629307 -0.021883043144999757
0.9845300734049693 -0.02075473350739517
0.9840940919812025 -0.02017391820100993
0.9822144404573842 -0.02316906443163677
0.9766616704008473 -0.026881685308180057
0.9756442972393851 -0.019570422543051504
0.9699497947805334 -0.018334611782943967
0.9692735261284596 -0.014141463428071124
0.9662598630512089 -0.012149332822991413
0.9614446898158961 -0.01569223144562192
0.9484242176912832 -0.028796646548495054
0.9383830654166923 -0.03174950491407249
0.9353202124697024 -0.021753176942252397
0.9289283070187246 -0.02549393129963846
0.9161042917297765 -0.043143939268940106
0.9002657118915884 -0.06539785715821775
