0.999998727529478 -0.0036225801325963387
0.9999987105379382 -0.0035851392427925
0.9999987102664928 -0.0036265043795785
0.9999986341116052 -0.0039421107860238
0.9999981560383352 -0.0060239543596659
0.9872410666449788 -0.0144006841866484
0.9734460602446195 -0.0270451056271394
0.9592640197980734 -0.0410686137997923
0.944650472278616 -0.0560033427884103
0.929577402843812 -0.0719226148696176
0.9139992479350224 -0.0890686954958511
0.8978695187634778 -0.1078201423560823
0.8811341320434956 -0.1287330826409479
0.8637121241702279 -0.1526402186424975
0.8455354858136077 -0.1808371923509011
0.8264864416709192 -0.2154469572454877
0.8064227695888395 -0.2602236707107372
0.7851663497947283 -0.3225078187286384
0.7624471924691001 -0.4190299383230623
0.7378555471070922 -0.5983701763149178
0.7107027733558042 -1.020053243989984
0.6464319803377113 -2.1859458625746457
0.5602150127060623 10.791078113107105
0.4694350701216484 2.2681555877495883
0.4071630035608639 1.7632355378824072
0.3543509516994261 1.5834775108213246
0.3072990544666929 1.4849729599861967
0.2643347044875854 1.418900266885565
0.2244543004253749 1.3687556936352632
0.1870765254523481 1.3273771829036347
0.1517256281247763 1.2912314345218252
0.1180834905312664 1.258338271408512
0.085929114553255 1.2275383057917195
0.0550602468058605 1.198141482369502
0.0253199180816781 1.1697285701834912
-0.003404625778258 1.1420034085563333
-0.0312314451942374 1.1147472478842837
-0.058246047312676 1.0878526467781122
-0.0845160312693664 1.0612480732094496
-0.1101221375634058 1.0348855735814348
-0.1351008744176909 1.008712674495427
-0.1595121941430803 0.9826500070090132
-0.1834075528992682 0.956613127778227
-0.2068210906642833 0.9306532153489392
-0.2297778236433196 0.904846982864801
-0.2523165298547383 0.8792849385649634
-0.2744756259689715 0.8538962566342304
-0.2962807330235038 0.8285215858529149
-0.3177262280734594 0.8031284076036717
-0.3388812820785576 0.7778508818214342
-0.3597605718508676 0.7528024333617888
-0.3803340372335944 0.727949218224751
-0.4006613624358188 0.703199250924569
-0.4207503886044936 0.6785396360945968
-0.4406255932870533 0.653993054486951
-0.4602941224508368 0.6296026099115206
-0.4797635204502359 0.6053918484655358
-0.4990634443791182 0.5813475792528416
-0.5181935253709744 0.5574734293260538
-0.537169682155745 0.533765570892624
-0.5560079765036321 0.5102239006636817
-0.5747268563319969 0.4868589659254104
-0.5933108753783554 0.4636777574771488
-0.6118056668904646 0.4406783910849424
-0.6302004754295467 0.4178719501598302
-0.6485184948854683 0.3952685095415881
-0.666766885324185 0.3728629441825813
-0.6849376737379762 0.3506580584523469
-0.7030678009972775 0.3286549210166533
-0.7211767207163089 0.3068581599518129
-0.7392573753002099 0.2852727952017893
-0.7573112514353784 0.2638930477648706
-0.7753869535540157 0.2427259791476659
-0.793472648531629 0.2217696270598788
-0.811587041362674 0.2010224848556108
-0.8297494601729025 0.1804835400769956
-0.8479705099497652 0.1601430002293932
-0.8662845384876294 0.1399942652766225
-0.8847005659195148 0.1200271075414316
-0.9032482660116994 0.1002291772521405
